miss_distance_km,miss_x_km,miss_y_km,miss_z_km,alt1_km,alt2_km,alt_diff_km,mean_altitude_km,speed1_kms,speed2_kms,relative_speed_kms,approach_velocity_kms,combined_cov_trace,mahalanobis_distance,both_debris,one_debris,pc_value,will_collide,risk_level
3988.8733,3922.8936,672.2298,264.8071,334.81,333.98,0.8286,334.4,7.7005,7.786234,0.085734,15.486734,5.917839,3376.220643,1,1,0.0,0,SAFE
26.3553,4.7269,3.1295,25.7384,162.45,163.88,1.4309,163.17,7.8055,7.577488,0.228012,15.382988,1.90757,26.973665,0,1,0.0,0,LOW
27.1168,11.8366,0.9553,24.3783,165.75,161.85,3.8975,163.8,7.8219,8.157468,0.335568,15.979368,0.085,142.329373,0,0,0.0,0,LOW
1.2992,0.4476,1.2051,0.1876,829.77,829.48,0.2902,829.62,7.4289,7.179922,0.248978,14.608822,7.557725,0.968602,0,1,0.0,1,MEDIUM
7475.9115,7306.16,566.76,1479.21,187.02,266.03,79.01,226.52,7.7987,7.7574,0.0413,15.5561,2.536408,9571.366909,0,1,0.0,0,SAFE
304.4194,209.4579,154.943,157.4523,189.7,189.22,0.4843,189.46,7.7925,7.860643,0.068143,15.653143,0.085,1986.180352,0,0,0.0,0,SAFE
490.2911,279.2148,215.0502,340.8487,303.6,299.69,3.912,301.64,7.7311,7.770176,0.039076,15.501276,5.462414,369.882328,1,1,0.0,0,SAFE
10648.7349,2103.69,10408.78,792.05,155.74,380.17,224.43,267.96,7.8411,7.6584,0.1827,15.4995,5.11995,9687.041865,1,1,0.0,0,SAFE
11543.6161,2368.62,7657.25,8307.3,247.99,612.93,364.94,430.46,7.755,7.5639,0.1911,15.3189,7.641934,7265.430873,1,1,0.0,0,SAFE
13217.5924,6495.09,8173.72,8106.1,285.24,202.59,82.65,243.92,7.7357,7.7828,0.0471,15.5185,2.663058,14851.075784,0,1,0.0,0,SAFE
234.4254,125.0411,198.2285,5.044,356.58,359.57,2.9889,358.07,7.6985,7.880783,0.182283,15.579283,3.16085,271.794913,0,1,0.0,0,SAFE
0.0503,0.0391,0.0237,0.0211,185.55,187.28,1.7316,186.42,7.7994,7.62042,0.17898,15.41982,0.085,0.338153,0,0,0.0,1,CRITICAL
2.0339,0.5839,0.1218,1.9445,181.55,182.86,1.3078,182.2,7.8157,7.900675,0.084975,15.716375,0.085,10.090167,0,0,0.0,1,MEDIUM
49.2371,37.936,5.7506,30.8558,801.37,799.29,2.0845,800.33,7.483,7.948472,0.465472,15.431472,7.240146,33.355418,0,1,0.0,0,LOW
8986.1466,1904.16,8528.49,2095.2,1020.62,205.17,815.45,612.89,7.3345,7.8073,0.4728,15.1418,0.085,62574.762175,0,0,0.0,0,SAFE
8265.7453,6319.45,5217.41,1079.69,285.58,266.23,19.35,275.9,7.73,7.7524,0.0224,15.4824,5.118038,7496.465732,1,1,0.0,0,SAFE
3.5646,2.4535,0.7543,2.4734,268.91,267.07,1.8398,267.99,7.7357,7.390039,0.345661,15.125739,5.013382,2.808968,1,1,0.0,1,MEDIUM
11030.5704,966.74,3709.03,10343.21,166.5,168.65,2.15,167.57,7.812,7.8023,0.0097,15.6143,1.930445,11705.696195,0,1,0.0,0,SAFE
0.0658,0.0389,0.0304,0.0435,195.4,199.02,3.6249,197.21,7.7954,7.740045,0.055355,15.535445,0.085,0.404786,0,0,0.0,1,CRITICAL
459.5017,423.9952,141.929,105.9529,255.7,260.68,4.984,258.19,7.7433,8.235837,0.492537,15.979137,4.886321,422.162741,1,1,0.0,0,SAFE
3.9833,1.7009,3.3694,1.273,1261.65,1262.05,0.3956,1261.85,7.2293,7.38772,0.15842,14.61702,26.384915,1.552656,1,1,0.0,1,MEDIUM
13444.1717,7819.49,10530.63,2950.79,1080.49,916.7,163.79,998.6,7.3334,7.3863,0.0529,14.7197,19.146197,6248.798838,1,1,0.0,0,SAFE
247.2313,197.4612,43.6214,142.2306,251.47,251.56,0.0925,251.52,7.732,7.416786,0.315214,15.148786,2.443097,294.583,0,1,0.0,0,SAFE
8914.7432,3949.71,6463.65,4700.39,957.73,216.63,741.1,587.18,7.3823,7.7952,0.4129,15.1775,11.213775,5046.589398,1,1,0.0,0,SAFE
1448.2542,1351.118,111.4168,509.4179,211.75,210.58,1.1746,211.16,7.7717,8.138365,0.366665,15.910065,2.195499,1944.504485,0,1,0.0,0,SAFE
1146.4392,131.0488,782.6207,827.4381,259.76,262.67,2.9127,261.22,7.753,8.186313,0.433313,15.939313,2.49575,1261.124581,0,1,0.0,0,SAFE
3997.4927,1087.65,2485.0,2936.28,185.89,221.32,35.43,203.6,7.7993,7.775,0.0243,15.5743,0.085,23653.849658,0,0,0.0,0,SAFE
0.0998,0.0925,0.0017,0.0374,682.42,686.35,3.9259,684.38,7.5152,7.73182,0.21662,15.24702,5.984497,0.080774,0,1,0.0,1,CRITICAL
13108.0938,3726.84,4853.19,11592.21,204.74,239.41,34.67,222.07,7.7835,7.7443,0.0392,15.5278,2.36609,13211.071939,0,1,0.0,0,SAFE
13322.4605,11293.45,7066.7,87.71,642.9,245.75,397.15,444.32,7.5425,7.7691,0.2266,15.3116,7.915045,9762.184045,1,1,0.0,0,SAFE
13544.5278,2380.71,2644.66,13068.75,993.9,508.31,485.59,751.11,7.3469,7.615,0.2681,14.9619,13.805812,5221.628728,1,1,0.0,0,SAFE
0.7562,0.3933,0.0717,0.6418,1061.2,1064.98,3.7791,1063.09,7.3172,6.900894,0.416306,14.218094,20.767646,0.264913,1,1,0.0,1,HIGH
349.2009,218.6051,268.7099,44.137,195.63,199.34,3.7084,197.48,7.7938,8.256578,0.462778,16.050378,0.085,2458.241086,0,0,0.0,0,SAFE
11241.0229,42.89,3901.03,10542.33,211.12,409.03,197.91,310.07,7.7877,7.6684,0.1193,15.4561,5.661116,6964.864187,1,1,0.0,0,SAFE
2707.5015,1584.102,428.8954,2153.4238,344.74,341.52,3.2245,343.13,7.7236,7.506623,0.216977,15.230223,3.075239,2563.299598,0,1,0.0,0,SAFE
10952.9405,6314.28,8680.41,2178.82,197.99,312.79,114.8,255.39,7.7877,7.7265,0.0612,15.5142,2.850167,13227.049548,0,1,0.0,0,SAFE
0.2559,0.1581,0.172,0.1044,146.55,143.52,3.0252,145.04,7.8194,8.131553,0.312153,15.950953,1.819114,0.372582,0,1,0.0,1,HIGH
4722.0259,240.78,3369.85,3299.04,862.59,203.98,658.61,533.28,7.3978,7.8049,0.4071,15.2027,9.997017,2628.451314,1,1,0.0,0,SAFE
2.0176,0.7482,0.0523,1.873,274.49,274.23,0.2614,274.36,7.7417,7.747557,0.005857,15.489257,5.096875,1.330111,1,1,0.0,1,MEDIUM
12216.325,1324.38,133.55,12143.59,154.7,282.96,128.26,218.83,7.8179,7.7288,0.0891,15.5467,4.427048,8038.694766,1,1,0.0,0,SAFE
0.6075,0.5846,0.0737,0.1477,204.74,203.76,0.9758,204.25,7.7815,7.757797,0.023703,15.539297,2.147457,0.840447,0,1,0.0,1,HIGH
3605.4808,1609.01,2377.84,2180.93,1056.18,548.37,507.81,802.28,7.2981,7.5939,0.2958,14.892,14.963297,1715.134357,1,1,0.0,0,SAFE
11329.5863,4750.97,6255.35,8164.46,224.94,256.01,31.07,240.47,7.7668,7.7423,0.0245,15.5091,0.085,67574.802357,0,0,0.0,0,SAFE
0.0796,0.0056,0.0359,0.0708,343.45,342.71,0.7423,343.08,7.7019,8.021369,0.319469,15.723269,6.041648,0.04997,1,1,0.0,1,CRITICAL
1613.6341,1414.7819,619.9619,466.7488,374.84,377.01,2.1712,375.93,7.6924,7.848846,0.156446,15.541246,3.295216,1789.460132,0,1,0.0,0,SAFE
0.0177,0.0002,0.008,0.0158,259.78,261.76,1.9837,260.77,7.7581,7.4919,0.2662,15.25,2.495879,0.017283,0,1,0.0,1,CRITICAL
685.6335,639.34,139.69,204.51,192.28,182.22,10.06,187.25,7.7635,7.8236,0.0601,15.5871,4.014872,687.769893,1,1,0.0,0,SAFE
11971.5181,4869.05,87.15,10936.27,288.85,264.63,24.22,276.74,7.729,7.7269,0.0021,15.4559,2.687208,11026.22886,0,1,0.0,0,SAFE
357.4249,296.6411,83.2399,181.1843,173.26,172.88,0.3785,173.07,7.8427,7.912221,0.069521,15.754921,3.850706,347.664975,1,1,0.0,0,SAFE
440.3234,330.2374,175.8234,232.1941,273.27,271.61,1.6599,272.44,7.7708,8.216854,0.446054,15.987654,2.583773,519.277788,0,1,0.0,0,SAFE
9432.929,7605.38,1212.91,5446.76,267.63,243.86,23.77,255.75,7.7591,7.7516,0.0075,15.5107,2.546837,10999.12172,0,1,0.0,0,SAFE
4638.0172,2609.92,3676.52,1087.53,563.64,216.73,346.91,390.19,7.5716,7.7767,0.2051,15.3483,6.991386,3560.483112,1,1,0.0,0,SAFE
1094.6901,0.6404,274.6613,1059.6731,185.0,184.88,0.1204,184.94,7.8207,7.880182,0.059482,15.700882,2.036706,1094.910759,0,1,0.0,0,SAFE
234.2027,71.7216,147.5047,167.1804,955.69,959.26,3.5678,957.47,7.352,7.769461,0.417461,15.121461,9.048392,135.904867,0,1,0.0,0,SAFE
0.9843,0.0916,0.6898,0.6961,317.13,317.36,0.234,317.25,7.707,7.895459,0.188459,15.602459,2.880231,1.015998,0,1,0.0,1,HIGH
0.6948,0.3141,0.2362,0.573,407.81,411.88,4.0746,409.85,7.6636,7.312134,0.351466,14.975734,3.545006,0.60011,0,1,0.0,1,HIGH
180.4181,21.2138,173.7093,43.8833,888.33,888.9,0.5699,888.61,7.4106,7.441834,0.031234,14.852434,16.390139,90.349609,1,1,0.0,0,SAFE
9428.8976,5001.35,7278.85,3302.87,270.66,224.33,46.33,247.5,7.725,7.7785,0.0535,15.5035,4.753926,8605.927775,1,1,0.0,0,SAFE
3.416,0.5689,1.8235,2.832,165.67,169.95,4.2772,167.81,7.7989,7.334797,0.464103,15.133697,1.950024,3.965042,0,1,0.0,1,MEDIUM
0.9262,0.1045,0.9017,0.1841,199.09,197.93,1.1639,198.51,7.7986,7.598096,0.200504,15.396696,2.119589,1.297072,0,1,0.0,1,HIGH
0.0465,0.0042,0.0279,0.037,288.88,287.24,1.6355,288.06,7.7292,7.64051,0.08869,15.36971,2.68741,0.047117,0,1,0.0,1,CRITICAL
1.2262,0.0981,0.3533,1.1701,195.97,197.3,1.3344,196.64,7.7839,7.676803,0.107097,15.460703,4.125082,0.874895,1,1,0.0,1,MEDIUM
27.56,27.4166,2.6981,0.7752,615.22,616.42,1.202,615.82,7.5527,7.821853,0.269153,15.374553,10.582983,17.461176,1,1,0.0,0,LOW
8830.8391,6320.55,6095.72,936.25,217.85,256.43,38.58,237.14,7.7785,7.7449,0.0336,15.5234,0.085,62248.188186,0,0,0.0,0,SAFE
12196.2557,5722.46,7321.99,7898.77,221.48,172.71,48.77,197.09,7.7805,7.8255,0.045,15.606,4.135557,10827.943835,1,1,0.0,0,SAFE
1337.0255,575.818,715.2408,971.8547,1026.35,1023.57,2.782,1024.96,7.3199,7.460773,0.140873,14.780673,19.766766,521.091008,1,1,0.0,0,SAFE
10979.7278,10271.96,1293.68,3656.18,218.02,221.42,3.4,219.72,7.7886,7.7773,0.0113,15.5659,2.233599,14671.577511,0,1,0.0,0,SAFE
264.8015,95.3222,130.689,209.6518,284.47,280.64,3.8287,282.56,7.7307,7.553986,0.176714,15.284686,5.205375,193.166278,1,1,0.0,0,SAFE
1438.3755,393.8498,228.743,1364.3618,208.15,209.26,1.1139,208.71,7.7859,7.859471,0.073571,15.645371,4.26926,1014.9378,1,1,0.0,0,SAFE
7215.6318,2916.1166,1719.635,6372.163,684.48,682.09,2.3937,683.28,7.5315,7.150198,0.381302,14.681698,11.901364,3246.092504,1,1,0.0,0,SAFE
2.3125,1.9635,0.4764,1.1248,170.18,168.02,2.1556,169.1,7.8184,7.386505,0.431895,15.204905,0.085,15.239146,0,0,0.0,1,MEDIUM
9815.9769,397.49,9306.21,3096.75,180.9,341.18,160.28,261.04,7.8025,7.7039,0.0986,15.5064,3.049731,11262.782844,0,1,0.0,0,SAFE
3372.6486,1686.6048,2370.6308,1705.9404,187.47,184.01,3.4619,185.74,7.7906,7.614879,0.175721,15.405479,2.051114,4496.547378,0,1,0.0,0,SAFE
11813.3497,3950.02,4717.31,10084.62,245.02,268.01,22.99,256.51,7.7695,7.7439,0.0256,15.5134,2.549317,11767.024474,0,1,0.0,0,SAFE
558.8529,36.2033,531.0913,170.1407,339.08,337.96,1.1247,338.52,7.6966,8.011716,0.315116,15.708316,5.976453,458.976506,1,1,0.0,0,SAFE
2.1576,0.6898,0.6924,1.9236,427.84,424.33,3.5115,426.08,7.6315,7.193646,0.437854,14.825146,7.289898,1.231107,1,1,0.0,1,MEDIUM
350.2394,288.969,47.741,192.0555,816.79,819.39,2.5999,818.09,7.4611,7.731788,0.270688,15.192888,7.411728,242.052022,0,1,0.0,0,SAFE
0.3107,0.011,0.1222,0.2855,409.15,406.23,2.9179,407.69,7.6629,7.24439,0.41851,14.90729,7.003194,0.176395,1,1,0.0,1,HIGH
11968.8702,9808.86,5383.86,4249.02,264.03,210.2,53.83,237.11,7.7518,7.7831,0.0313,15.5349,4.624535,11064.996265,1,1,0.0,0,SAFE
0.0622,0.0268,0.0189,0.0528,278.55,278.06,0.4908,278.3,7.7462,7.574714,0.171486,15.320914,2.615349,0.061379,0,1,0.0,1,CRITICAL
4944.7126,4218.75,233.61,2568.61,200.75,291.29,90.54,246.02,7.7629,7.7336,0.0293,15.4965,4.748059,4313.292627,1,1,0.0,0,SAFE
11.0604,1.7588,10.8885,0.8239,495.36,493.91,1.4503,494.63,7.6274,7.843516,0.216116,15.470916,8.409042,7.850924,1,1,0.0,0,LOW
12452.2917,262.61,12444.66,347.91,162.6,814.9,652.3,488.75,7.8071,7.4349,0.3722,15.242,9.214003,8455.229054,1,1,0.0,0,SAFE
0.1917,0.0962,0.0994,0.1328,378.72,375.61,3.1089,377.17,7.6421,7.466527,0.175573,15.108627,3.324133,0.185684,0,1,0.0,1,HIGH
12005.6115,8151.96,4865.48,7348.97,221.03,890.63,669.6,555.83,7.7616,7.4209,0.3407,15.1825,8.26137,7662.48276,0,1,0.0,0,SAFE
40.5545,22.6932,32.853,7.0973,247.53,249.05,1.5192,248.29,7.7441,7.997258,0.253158,15.741358,2.417405,53.312957,0,1,0.0,0,LOW
0.0984,0.0692,0.0506,0.0482,993.72,993.96,0.2362,993.84,7.347,7.537497,0.190497,14.884497,9.525098,0.061147,0,1,0.0,1,CRITICAL
0.2979,0.2531,0.1282,0.0909,319.19,317.6,1.588,318.4,7.7118,7.728785,0.016985,15.440585,5.693067,0.250646,1,1,0.0,1,HIGH
8005.1071,1996.5,6524.27,4186.84,926.11,289.31,636.8,607.71,7.3911,7.709,0.3179,15.1001,11.2914,4522.646078,1,1,0.0,0,SAFE
9990.0236,3770.93,7455.02,5477.53,942.43,518.48,423.95,730.45,7.3626,7.6247,0.2621,14.9873,13.2511,5163.601921,1,1,0.0,0,SAFE
1542.0756,453.65,1065.0,1018.81,178.61,221.46,42.85,200.04,7.8287,7.7778,0.0509,15.6065,0.085,9490.376754,0,0,0.0,0,SAFE
366.9542,108.3627,350.3452,13.0812,192.85,196.9,4.0453,194.87,7.8066,7.924891,0.118291,15.731491,2.082675,524.01318,0,1,0.0,0,SAFE
11760.9864,730.22,9402.03,7027.76,208.98,280.09,71.11,244.53,7.8099,7.7537,0.0562,15.5636,4.72257,9989.327107,1,1,0.0,0,SAFE
13276.3144,4251.96,7605.2,10017.1,924.32,214.4,709.92,569.36,7.3741,7.7802,0.4061,15.1543,8.664422,7688.55766,0,1,0.0,0,SAFE
9892.9032,172.4471,4486.2914,8815.4969,292.8,296.26,3.4627,294.53,7.7102,7.584786,0.125414,15.294986,2.71376,9255.185461,0,1,0.0,0,SAFE
374.6711,187.2086,89.5784,311.9409,192.3,193.37,1.0688,192.83,7.7956,7.409295,0.386305,15.204895,4.080168,299.85307,1,1,0.0,0,SAFE
0.0502,0.0147,0.0381,0.0292,1068.3,1071.11,2.81,1069.71,7.2973,7.125555,0.171745,14.422855,10.495651,0.028791,0,1,0.0,1,CRITICAL
1905.6932,314.723,846.0466,1678.3388,244.01,239.53,4.4807,241.77,7.7732,7.606561,0.166639,15.379761,4.676932,1370.438614,1,1,0.0,0,SAFE
1694.2127,1114.7001,1218.4135,378.5088,282.79,285.2,2.4063,283.99,7.7116,7.85288,0.14128,15.56448,2.662766,2110.519783,0,1,0.0,0,SAFE
12511.0373,1801.51,7390.81,9932.6,281.32,168.21,113.11,224.76,7.7457,7.8116,0.0659,15.5573,4.492104,9809.933505,1,1,0.0,0,SAFE
8599.8793,3160.52,2382.14,7635.08,411.68,196.38,215.3,304.03,7.6702,7.7763,0.1061,15.4465,5.593448,5620.251274,1,1,0.0,0,SAFE
9973.0523,935.48,9927.14,196.32,217.68,290.27,72.59,253.97,7.7947,7.7347,0.06,15.5294,2.696738,12518.618501,0,1,0.0,0,SAFE
11695.6027,3593.63,6729.59,8864.85,790.57,314.93,475.64,552.75,7.4369,7.7212,0.2843,15.1581,9.901148,6322.559749,1,1,0.0,0,SAFE
9708.658,6472.25,3240.89,6470.29,198.92,235.04,36.12,216.98,7.7954,7.7665,0.0289,15.5619,2.338706,11358.879834,0,1,0.0,0,SAFE
8292.1401,4343.73,5294.98,4674.91,223.67,253.11,29.44,238.39,7.8053,7.7563,0.049,15.5616,4.63621,7204.275846,1,1,0.0,0,SAFE
44.9008,34.7967,20.9976,19.0884,136.77,139.66,2.8879,138.21,7.8374,7.608491,0.228909,15.445891,3.462213,47.184003,1,1,0.0,0,LOW
1.9627,0.3404,1.5185,1.196,280.36,283.97,3.6086,282.16,7.7417,7.486273,0.255427,15.227973,5.200166,1.580778,1,1,0.0,1,MEDIUM
20.8324,19.9946,5.7711,0.9474,247.19,242.29,4.9012,244.74,7.7621,7.59468,0.16742,15.35678,2.415245,27.618655,0,1,0.0,0,LOW
1.8016,0.2077,1.167,1.3567,792.58,797.06,4.483,794.82,7.4882,7.77159,0.28339,15.25979,7.143243,1.150072,0,1,0.0,1,MEDIUM
27.9553,19.6509,2.1095,19.7709,355.6,360.33,4.7329,357.97,7.6669,7.202765,0.464135,14.869665,3.153718,27.577317,0,1,0.0,0,LOW
8.858,3.8728,2.0907,7.6873,115.93,119.54,3.6075,117.73,7.8739,7.99723,0.12333,15.87113,1.673764,10.764459,0,1,0.0,0,LOW
11896.5068,7261.17,92.75,9423.04,209.93,900.95,691.02,555.44,7.7814,7.4055,0.3759,15.1869,10.483311,6113.694559,1,1,0.0,0,SAFE
3446.5989,1897.363,2376.8291,1621.6475,916.2,918.51,2.3074,917.35,7.3851,6.980247,0.404853,14.365347,8.566395,2273.469779,0,1,0.0,0,SAFE
4.3596,4.0763,1.1782,1.001,249.35,248.9,0.4537,249.12,7.7134,8.186757,0.473357,15.900157,2.426094,5.685046,0,1,0.0,1,MEDIUM
8562.6352,6956.5,3077.95,3930.91,225.44,248.41,22.97,236.93,7.7822,7.7509,0.0313,15.5331,4.617118,7719.266374,1,1,0.0,0,SAFE
2273.1257,1979.76,1059.51,353.68,158.87,187.26,28.39,173.06,7.8242,7.8288,0.0046,15.653,2.049887,3250.967865,0,1,0.0,0,SAFE
9996.393,6613.64,1648.12,7312.41,264.22,711.32,447.1,487.77,7.733,7.5187,0.2143,15.2517,6.278509,6894.479693,0,1,0.0,0,SAFE
1810.0515,1566.7273,257.7437,869.0341,834.24,834.09,0.1473,834.17,7.4283,7.091619,0.336681,14.519919,15.129999,895.795393,1,1,0.0,0,SAFE
0.13,0.0602,0.0473,0.105,149.62,145.69,3.9323,147.65,7.8547,7.967923,0.113223,15.822623,0.085,0.733808,0,0,0.0,1,HIGH
1533.6631,438.8808,263.2443,1445.7553,774.76,777.75,2.9931,776.26,7.4593,7.473064,0.013764,14.932364,6.948805,853.446335,0,1,0.0,0,SAFE
7938.2627,2516.0,6866.2,3088.86,378.53,966.32,587.79,672.42,7.6884,7.3669,0.3215,15.0553,12.418115,4444.394424,1,1,0.0,0,SAFE
13032.1368,7144.51,10892.19,390.85,309.43,872.8,563.37,591.12,7.737,7.4391,0.2979,15.1761,8.051964,9465.654256,0,1,0.0,0,SAFE
1603.9786,1442.8798,683.751,152.7411,988.11,991.82,3.7136,989.97,7.3313,7.601827,0.270527,14.933127,18.870038,759.293951,1,1,0.0,0,SAFE
9614.5144,6531.73,7039.8,465.41,223.2,298.05,74.85,260.62,7.7718,7.7404,0.0314,15.5122,4.929584,8921.41684,1,1,0.0,0,SAFE
9531.8457,6281.1,3182.35,6424.68,203.49,306.76,103.27,255.12,7.7919,7.7029,0.089,15.4948,4.869479,7699.579608,1,1,0.0,0,SAFE
0.0066,0.0047,0.0031,0.0036,191.79,187.75,4.0397,189.77,7.8227,8.146952,0.324252,15.969652,4.044189,0.006229,1,1,0.0,1,CRITICAL
11160.2945,2652.8,10776.84,1172.41,838.72,348.26,490.46,593.49,7.4678,7.7121,0.2443,15.1799,10.674794,7020.287959,1,1,0.0,0,SAFE
9876.5202,9797.48,945.81,812.7,260.75,313.59,52.84,287.17,7.7612,7.7084,0.0528,15.4696,5.272844,8850.291471,1,1,0.0,0,SAFE
0.0145,0.0095,0.0105,0.003,956.88,953.38,3.4989,955.13,7.3498,7.275944,0.073856,14.625744,9.063122,0.009785,0,1,0.0,1,CRITICAL
11247.865,9392.63,6022.85,1420.65,410.92,295.02,115.9,352.97,7.6701,7.7345,0.0644,15.4046,6.212786,9261.648323,1,1,0.0,0,SAFE
0.0707,0.0051,0.0377,0.0595,195.92,197.6,1.6767,196.76,7.8088,7.775598,0.033202,15.584398,0.085,0.388911,0,0,0.0,1,CRITICAL
2936.7714,2191.62,792.84,1786.85,214.56,305.38,90.82,259.97,7.8,7.7288,0.0712,15.5288,4.92674,2431.007228,1,1,0.0,0,SAFE
11619.343,7802.26,1053.57,8545.4,268.4,593.73,325.33,431.06,7.7484,7.5586,0.1898,15.307,7.593406,7270.342438,1,1,0.0,0,SAFE
9966.549,7303.87,5550.3,3896.12,546.21,411.0,135.21,478.61,7.623,7.665,0.042,15.288,3.569664,10403.035999,0,1,0.0,0,SAFE
10410.8384,6634.5,2354.94,7669.63,270.54,683.0,412.46,476.77,7.7263,7.5125,0.2138,15.2388,8.471189,6162.932346,1,1,0.0,0,SAFE
36.1151,7.3758,21.2849,28.2285,1041.38,1041.38,0.0019,1041.38,7.3121,7.48558,0.17348,14.79768,20.194719,13.46574,1,1,0.0,0,LOW
821.0017,69.1805,621.7645,531.6641,244.88,242.33,2.5531,243.6,7.7563,8.047644,0.291344,15.803944,2.400596,956.715848,0,1,0.0,0,SAFE
0.8137,0.6373,0.2938,0.4118,290.67,295.17,4.5032,292.92,7.7296,7.25103,0.47857,14.98063,5.344203,0.672005,1,1,0.0,1,HIGH
4.2303,0.8735,0.1552,4.1363,201.17,202.94,1.7671,202.05,7.7994,8.270481,0.471081,16.069881,4.18948,2.917556,1,1,0.0,1,MEDIUM
9266.4557,495.28,8994.4,2173.17,223.3,273.98,50.68,248.64,7.7627,7.7211,0.0416,15.4838,2.588441,11690.967494,0,1,0.0,0,SAFE
10033.016,4450.73,8832.37,1685.72,330.91,366.61,35.7,348.76,7.6844,7.6716,0.0128,15.356,6.126053,8290.925711,1,1,0.0,0,SAFE
1.1711,0.8857,0.7661,0.0046,962.59,960.53,2.0639,961.56,7.3406,7.411921,0.071321,14.752521,18.157301,0.566579,1,1,0.0,1,MEDIUM
0.2734,0.2461,0.1133,0.0365,222.03,223.82,1.7929,222.93,7.7756,7.599475,0.176125,15.375075,4.442299,0.266109,1,1,0.0,1,HIGH
6927.3561,987.7,5084.14,4600.46,968.96,240.83,728.13,604.89,7.3633,7.7671,0.4038,15.1304,11.503358,3658.62958,1,1,0.0,0,SAFE
10722.1219,187.92,8184.42,6924.15,205.05,206.5,1.45,205.78,7.7912,7.7817,0.0095,15.5729,0.085,66456.159938,0,0,0.0,0,SAFE
9509.0772,6084.02,93.36,7307.43,467.67,286.65,181.02,377.16,7.6141,7.738,0.1239,15.3521,6.609615,6250.337544,1,1,0.0,0,SAFE
1955.2578,1729.3628,591.0783,694.956,638.25,634.17,4.0827,636.21,7.5421,7.647974,0.105874,15.190074,5.548856,1650.043678,0,1,0.0,0,SAFE
31.6597,2.2113,29.2649,11.875,289.05,284.62,4.43,286.83,7.739,7.571732,0.167268,15.310732,5.262471,27.317125,1,1,0.0,0,LOW
7080.4192,3516.7883,925.0899,6075.2568,346.16,350.74,4.5835,348.45,7.7049,7.796906,0.092006,15.501806,3.085444,6388.266094,0,1,0.0,0,SAFE
5710.5305,2464.27,4910.55,1556.93,184.08,776.35,592.27,480.22,7.7884,7.4893,0.2991,15.2777,6.966045,4367.369773,0,1,0.0,0,SAFE
1948.5973,505.4158,748.9595,1726.4548,281.19,283.94,2.7549,282.57,7.738,8.039433,0.301433,15.777433,2.636096,1857.950238,0,1,0.0,0,SAFE
1031.9247,684.7813,141.536,758.8879,234.31,230.13,4.1797,232.22,7.7619,7.375953,0.385947,15.137853,4.557281,833.48125,1,1,0.0,0,SAFE
8681.618,4709.16,216.45,7290.23,252.7,187.96,64.74,220.33,7.7438,7.8073,0.0635,15.5511,4.419347,6639.835154,1,1,0.0,0,SAFE
10021.486,6244.01,7607.01,1891.01,269.59,293.59,24.0,281.59,7.7612,7.7343,0.0269,15.4955,5.193729,8975.289812,1,1,0.0,0,SAFE
9786.0426,8797.11,1437.69,4038.63,425.79,309.29,116.5,367.54,7.6183,7.7249,0.1066,15.3432,6.426159,7572.536186,1,1,0.0,0,SAFE
3048.0337,2848.34,444.93,989.7,277.87,178.48,99.39,228.18,7.7475,7.8132,0.0657,15.5607,2.614097,3770.915055,0,1,0.0,0,SAFE
7629.762,1579.22,6869.86,2919.65,189.45,194.82,5.37,192.13,7.7969,7.7943,0.0026,15.5912,0.085,51709.532462,0,0,0.0,0,SAFE
48.5885,17.7573,18.6462,41.2048,959.77,962.96,3.1885,961.36,7.347,7.258078,0.088922,14.605078,18.152498,18.218078,1,1,0.0,0,LOW
7620.8064,7526.713,661.1286,994.0782,386.1,384.71,1.3869,385.41,7.6858,8.007238,0.321438,15.693038,3.379486,8505.65214,0,1,0.0,0,SAFE
2058.9809,286.98,1896.75,747.92,175.79,157.55,18.24,166.67,7.8001,7.8061,0.006,15.6062,3.778523,2102.104033,1,1,0.0,0,SAFE
4697.0643,224.888,3899.4603,2608.8403,293.36,289.23,4.1309,291.29,7.7264,7.454901,0.271499,15.181301,5.322286,3820.74977,1,1,0.0,0,SAFE
20.5763,7.5034,1.3234,19.1137,1035.27,1030.78,4.4877,1033.03,7.3275,7.805565,0.478065,15.133065,10.059979,9.649935,0,1,0.0,0,LOW
2478.4529,1074.64,979.77,2006.97,1054.75,194.3,860.45,624.52,7.3032,7.794,0.4908,15.0972,12.322025,1160.54886,1,1,0.0,0,SAFE
8992.5922,294.14,2105.13,8737.77,202.33,153.11,49.22,177.72,7.7861,7.8172,0.0311,15.6033,0.085,43846.785908,0,0,0.0,0,SAFE
1.8268,1.65,0.4154,0.6649,690.58,686.28,4.2982,688.43,7.53,7.964152,0.434152,15.494152,12.005167,1.046171,1,1,0.0,1,MEDIUM
5.0804,3.4669,3.4583,1.3533,230.59,228.13,2.4561,229.36,7.7632,8.140256,0.377056,15.903456,4.521748,4.82732,1,1,0.0,0,LOW
11996.3338,9298.55,5334.34,5384.59,961.28,765.65,195.63,863.46,7.3678,7.4954,0.1276,14.8632,15.883139,5847.888998,1,1,0.0,0,SAFE
714.8358,465.7886,254.6266,478.7446,324.65,320.92,3.7344,322.78,7.7358,7.763807,0.028007,15.499607,5.754288,532.318173,1,1,0.0,0,SAFE
48.2818,6.0571,24.0009,41.4536,212.83,212.25,0.5757,212.54,7.7806,7.526683,0.253917,15.307283,2.198552,51.583241,0,1,0.0,0,LOW
149.849,90.4261,80.6401,88.1761,188.38,191.72,3.3378,190.05,7.8021,7.479744,0.322356,15.281844,2.076012,192.682193,0,1,0.0,0,SAFE
26.9704,14.173,13.4573,18.5857,169.36,173.63,4.2712,171.5,7.795,8.181875,0.386875,15.976875,0.085,163.629969,0,0,0.0,0,LOW
10008.8816,2337.65,550.74,9716.47,293.31,291.61,1.7,292.46,7.7181,7.7362,0.0181,15.4543,5.337945,6164.43446,1,1,0.0,0,SAFE
1.3214617053968344e+22,8.404374940740669e+21,6.748054871082686e+20,1.0175324235278689e+22,847.51,1.3214617053968344e+22,1.3214617053968344e+22,6.607308526984172e+21,7.4602,0.0,7.4602,7.4602,7.421609415028818e+38,818.905756,1,1,0.0,0,SAFE
6937.572,1080.45,2969.15,6176.3,598.52,277.95,320.57,438.24,7.5448,7.73,0.1852,15.2748,7.700798,3855.703927,1,1,0.0,0,SAFE
13315.2199,3587.11,9293.63,8834.94,200.8,1040.19,839.39,620.5,7.7899,7.3455,0.4444,15.1354,12.16905,6839.210119,1,1,0.0,0,SAFE
9596.0052,5056.75,4870.58,6541.41,947.98,935.48,12.5,941.73,7.3714,7.3659,0.0055,14.7373,17.668308,4053.615229,1,1,0.0,0,SAFE
2724.5734,176.0703,794.7593,2600.1263,247.15,243.11,4.0356,245.13,7.7857,7.379899,0.405801,15.165599,2.414991,2540.473413,0,1,0.0,0,SAFE
366.0485,6.9038,215.7079,295.6585,298.08,300.56,2.4847,299.32,7.7433,8.174172,0.430872,15.917472,5.430801,258.561083,1,1,0.0,0,SAFE
4.9553,0.8001,4.1158,2.641,439.05,435.62,3.4273,437.34,7.6824,7.380616,0.301784,15.063016,3.762907,4.832854,0,1,0.0,1,MEDIUM
12203.2287,3690.27,8101.85,8346.3,987.21,1048.06,60.85,1017.63,7.3687,7.3176,0.0511,14.6863,19.585204,4890.54703,1,1,0.0,0,SAFE
5261.0251,5201.2019,265.1254,745.381,220.25,218.95,1.3019,219.6,7.7962,8.249293,0.453093,16.045493,4.401497,5140.785035,1,1,0.0,0,SAFE
8312.3508,3893.69,402.01,7332.99,334.4,308.94,25.46,321.67,7.7085,7.7398,0.0313,15.4483,5.740081,5388.863347,1,1,0.0,0,SAFE
9727.6175,7528.47,1894.63,5861.66,216.39,209.34,7.05,212.87,7.8088,7.7843,0.0245,15.5931,4.319606,8620.960329,1,1,0.0,0,SAFE
6326.4782,3352.42,5346.91,442.9,183.5,194.29,10.79,188.89,7.8253,7.819,0.0063,15.6443,2.027982,9146.024802,0,1,0.0,0,SAFE
11615.6619,925.4,2168.64,11373.84,196.16,956.53,760.37,576.35,7.7804,7.3649,0.4155,15.1453,9.058788,5438.983319,0,1,0.0,0,SAFE
1062.3651,986.0296,386.5297,83.4266,252.11,252.1,0.01,252.1,7.7582,7.781655,0.023455,15.539855,2.446595,1397.790173,0,1,0.0,0,SAFE
0.0,0.0,0.0,0.0,9.398235139758837e+28,9.398235139758837e+28,0.0,9.398235139758837e+28,0.0,0.049615,0.049615,0.049615,3.753890009043406e+52,0.0,0,1,0.0,1,CRITICAL
6.787402883672017e+28,1.4297193595033282e+27,6.7776000204333425e+28,3.354622092453587e+27,634.53,6.787402883672016e+28,6.787402883672016e+28,3.393701441836008e+28,7.5341,0.0,7.5341,7.5341,1.957925610974366e+52,999.321227,1,1,0.0,0,SAFE
3087.6783,2816.19,937.28,851.08,572.44,214.54,357.9,393.49,7.5824,7.7665,0.1841,15.3489,0.085,21367.43731,0,0,0.0,0,SAFE
288.487,245.7216,150.9415,7.8971,699.26,696.5,2.7586,697.88,7.5168,7.180823,0.335977,14.697623,12.196821,170.257813,1,1,0.0,0,SAFE
8533.423,2065.05,5199.98,6443.22,221.73,208.07,13.66,214.9,7.774,7.7883,0.0143,15.5623,0.085,49877.535992,0,0,0.0,0,SAFE
9892.7658,7510.6,5753.34,2890.81,202.63,175.15,27.48,188.89,7.8005,7.8022,0.0017,15.6027,0.085,68273.03972,0,0,0.0,0,SAFE
0.2602,0.0132,0.091,0.2434,236.93,236.48,0.4476,236.71,7.7591,8.146846,0.387746,15.905946,4.613257,0.179024,1,1,0.0,1,HIGH
9092.4247,6115.64,5774.85,3452.86,198.44,238.63,40.19,218.53,7.7823,7.7785,0.0038,15.5608,2.361191,11699.704365,0,1,0.0,0,SAFE
6394.0751,2921.07,5513.7,1396.66,170.37,217.47,47.1,193.92,7.8036,7.7888,0.0148,15.5924,2.230244,8708.885141,0,1,0.0,0,SAFE
12346.03,11339.18,4529.22,1825.82,307.46,276.98,30.48,292.22,7.724,7.7398,0.0158,15.4638,5.336681,10950.440953,1,1,0.0,0,SAFE
0.0735,0.0393,0.0621,0.0021,308.38,308.88,0.4964,308.63,7.7122,7.701211,0.010989,15.413411,2.819782,0.090244,0,1,0.0,1,CRITICAL
13602.7807,5830.03,12232.97,1183.57,184.14,1146.16,962.02,665.15,7.8091,7.2814,0.5277,15.0905,13.506034,7614.528544,1,1,0.0,0,SAFE
5675.9545,5672.6,186.12,58.55,150.69,991.31,840.62,571.0,7.8165,7.3564,0.4601,15.1729,0.085,40133.87286,0,0,0.0,0,SAFE
0.0688,0.0301,0.0507,0.0353,176.16,175.8,0.3554,175.98,7.8327,8.241117,0.408417,16.073817,3.884093,0.066437,1,1,0.0,1,CRITICAL
12292.9544,894.25,10219.37,6773.59,282.83,748.92,466.09,515.88,7.7366,7.4827,0.2539,15.2193,9.233652,7604.124161,1,1,0.0,0,SAFE
81.8895,63.3401,22.3544,46.8422,223.83,221.62,2.213,222.72,7.7561,7.992161,0.236061,15.748261,4.439809,72.472848,1,1,0.0,0,SAFE
176.5978,28.2514,108.8104,136.1945,334.51,334.15,0.3607,334.33,7.709,7.486332,0.222668,15.195332,5.916901,122.470474,1,1,0.0,0,SAFE
2.2913,0.1256,1.9034,1.2694,449.58,451.09,1.5135,450.34,7.6167,7.236906,0.379794,14.853606,7.676695,1.55271,1,1,0.0,1,MEDIUM
6524.2464,2876.23,595.73,5825.65,723.5,887.52,164.02,805.51,7.514,7.4111,0.1029,14.9251,14.544197,2632.247333,1,1,0.0,0,SAFE
675.9031,510.1584,324.0934,302.567,186.52,189.28,2.761,187.9,7.7933,7.826825,0.033525,15.620125,0.085,4505.472491,0,0,0.0,0,SAFE
11776.443,5750.52,10070.58,2049.28,878.51,410.37,468.14,644.44,7.4286,7.6588,0.2302,15.0874,11.598519,7068.433804,1,1,0.0,0,SAFE
0.3489,0.254,0.2389,0.0128,181.0,182.1,1.0956,181.55,7.8279,8.112999,0.285099,15.940899,3.948315,0.361884,1,1,0.0,1,HIGH
8707.3103,8453.11,1338.14,1603.61,671.06,234.52,436.54,452.79,7.5343,7.7476,0.2133,15.2819,8.12133,6239.274546,1,1,0.0,0,SAFE
7185.2099,570.1,1924.71,6899.11,170.64,632.07,461.43,401.36,7.8162,7.5611,0.2551,15.3773,7.358197,3813.920764,1,1,0.0,0,SAFE
10022.3661,4804.34,2656.2,8385.15,152.82,170.24,17.42,161.53,7.8085,7.8089,0.0004,15.6174,1.853739,11863.309557,0,1,0.0,0,SAFE
204.8015,52.9181,149.4145,129.6866,871.89,867.57,4.3206,869.73,7.4478,6.987728,0.460072,14.435528,8.041349,131.261868,0,1,0.0,0,SAFE
0.9239,0.1393,0.6176,0.6728,157.45,156.28,1.1661,156.87,7.8052,8.174607,0.369407,15.979807,3.667533,0.835282,1,1,0.0,1,HIGH
7479.6848,3589.47,6523.45,711.33,235.54,569.3,333.76,402.42,7.7588,7.5715,0.1873,15.3303,4.901961,6947.027589,0,1,0.0,0,SAFE
22.0766,12.143,13.1525,12.9204,275.02,274.38,0.6424,274.7,7.7179,7.256752,0.461148,14.974652,5.101346,18.132173,1,1,0.0,0,LOW
11619.1938,919.11,883.11,11549.07,263.78,750.09,486.31,506.94,7.7507,7.4652,0.2855,15.2159,9.120861,5327.253668,1,1,0.0,0,SAFE
2.2524,2.1399,0.0128,0.7028,151.21,152.21,1.002,151.71,7.8514,7.489334,0.362066,15.340734,0.085,15.49002,0,0,0.0,1,MEDIUM
11320.6811,2840.37,10944.11,562.65,302.46,571.32,268.86,436.89,7.7163,7.569,0.1473,15.2853,7.614592,8451.728028,1,1,0.0,0,SAFE
3834.7246,1107.71,3375.76,1443.03,317.46,235.81,81.65,276.63,7.7046,7.7567,0.0521,15.4613,5.141043,3346.652306,1,1,0.0,0,SAFE
11102.9451,1726.97,1029.19,10919.42,379.34,1074.44,695.1,726.89,7.6741,7.3065,0.3676,14.9806,13.821426,4187.806324,1,1,0.0,0,SAFE
7103.7785,4660.96,3757.38,3823.77,301.68,175.28,126.4,238.48,7.7152,7.7982,0.083,15.5134,2.773936,8054.259709,0,1,0.0,0,SAFE
4402.7391,373.49,4379.6,252.43,315.46,727.16,411.7,521.31,7.6917,7.4996,0.1921,15.1913,2.868644,5354.046951,0,1,0.0,0,SAFE
3.6635,1.9812,2.5503,1.7299,1626.4,1621.47,4.9349,1623.93,7.0529,6.575864,0.477036,13.628764,19.259202,1.610876,0,1,0.0,1,MEDIUM
5952.8359,5291.2539,2178.8141,1640.6271,877.13,872.95,4.1843,875.04,7.4427,7.746519,0.303819,15.189219,8.10257,4219.341603,0,1,0.0,0,SAFE
9372.5104,5148.12,7723.52,1299.25,517.73,170.88,346.85,344.31,7.623,7.8103,0.1873,15.4333,4.444541,9116.040597,0,1,0.0,0,SAFE
12681.0812,12514.85,1347.08,1540.69,261.39,508.24,246.85,384.81,7.7587,7.6115,0.1472,15.3702,6.784116,9995.764877,1,1,0.0,0,SAFE
3938.2283,3185.88,1198.02,1981.05,718.98,338.88,380.1,528.93,7.4991,7.7108,0.2117,15.2099,9.305936,2467.281111,1,1,0.0,0,SAFE
14006.77,257.11,4415.03,13290.26,683.36,1176.86,493.5,930.11,7.5137,7.2645,0.2492,14.7782,17.901851,4824.965808,1,1,0.0,0,SAFE
11702.6383,4710.12,9314.14,5292.76,863.42,181.91,681.51,522.66,7.4282,7.8151,0.3869,15.2433,7.942885,8059.249999,0,1,0.0,0,SAFE
0.0064,0.0005,0.0048,0.0043,955.01,956.17,1.1649,955.59,7.3434,6.949067,0.394333,14.292467,9.03998,0.003838,0,1,0.0,1,CRITICAL
0.4877,0.4575,0.169,0.0027,709.32,705.65,3.6715,707.48,7.4917,7.720071,0.228371,15.211771,12.393183,0.285595,1,1,0.0,1,HIGH
3.0003,1.0864,2.5374,1.1761,239.26,238.15,1.107,238.71,7.7351,7.437553,0.297547,15.172653,0.085,20.28965,0,0,0.0,1,MEDIUM
0.02,0.0193,0.0047,0.0023,935.82,934.15,1.6663,934.99,7.3831,7.288664,0.094436,14.671764,17.503097,0.009822,1,1,0.0,1,CRITICAL
13192.9045,9585.33,2731.13,8643.79,1025.11,226.67,798.44,625.89,7.3439,7.7698,0.4259,15.1137,12.129542,6814.795949,1,1,0.0,0,SAFE
10712.0697,7936.74,4972.98,5198.66,682.65,164.64,518.01,423.64,7.5132,7.8089,0.2957,15.3221,7.821731,7361.469969,1,1,0.0,0,SAFE
12301.3914,3230.72,7987.91,8779.52,350.94,211.31,139.63,281.12,7.677,7.7694,0.0924,15.4464,5.227758,9391.946901,1,1,0.0,0,SAFE
6725.3525,6131.9824,941.3188,2596.7435,187.91,184.33,3.5835,186.12,7.7927,7.670551,0.122149,15.463251,2.053686,9265.500831,0,1,0.0,0,SAFE
9926.0695,9235.5,1477.28,3324.16,281.74,160.16,121.58,220.95,7.7022,7.8186,0.1164,15.5208,2.639749,12196.094942,0,1,0.0,0,SAFE
3.4236,0.7494,2.2538,2.4657,280.16,283.22,3.0598,281.69,7.747,8.150277,0.403277,15.897277,5.193853,2.612864,1,1,0.0,1,MEDIUM
1204.0408,803.4109,729.8071,521.1782,188.19,188.69,0.5028,188.44,7.789,7.483423,0.305577,15.272423,0.085,8058.568179,0,0,0.0,0,SAFE
0.0265,0.0092,0.0229,0.0097,224.51,228.32,3.8128,226.42,7.764,8.205091,0.441091,15.969091,4.485318,0.024852,1,1,0.0,1,CRITICAL
7416.0555,3539.11,2128.77,6159.62,140.22,280.21,139.99,210.21,7.8437,7.7137,0.13,15.5574,1.784497,8987.975121,0,1,0.0,0,SAFE
7285.6328,4541.03,1206.5,5568.11,868.48,236.34,632.14,552.41,7.4164,7.7339,0.3175,15.1503,10.26347,3853.264192,1,1,0.0,0,SAFE
5251.5614,236.29,5201.95,680.28,836.91,243.36,593.55,540.13,7.4139,7.7391,0.3252,15.153,9.944628,3417.077497,1,1,0.0,0,SAFE
473.8967,382.6086,178.392,215.3255,959.75,960.2,0.4488,959.97,7.3439,7.022003,0.321897,14.365903,9.098698,304.743603,0,1,0.0,0,SAFE
0.6368,0.3673,0.2605,0.4502,368.73,368.28,0.4459,368.51,7.6836,7.421292,0.262308,15.104892,6.411588,0.440611,1,1,0.0,1,HIGH
10479.9799,3960.7,4576.82,8555.44,390.45,259.03,131.42,324.74,7.6974,7.7565,0.0591,15.4539,5.818368,7107.870786,1,1,0.0,0,SAFE
0.1632,0.0498,0.1434,0.0599,529.6,533.04,3.4436,531.32,7.6152,7.69055,0.07535,15.30575,4.547824,0.151745,0,1,0.0,1,HIGH
1.9309,0.1571,1.7597,0.7791,850.2,854.49,4.2903,852.35,7.4159,7.281332,0.134568,14.697232,15.545157,0.962875,1,1,0.0,1,MEDIUM
170.9729,122.0955,16.1179,118.5944,216.75,218.09,1.3374,217.42,7.7807,7.697647,0.083053,15.478347,2.23401,201.856036,0,1,0.0,0,SAFE
9765.709,1169.31,7803.65,5753.68,262.15,212.13,50.02,237.14,7.7358,7.7896,0.0538,15.5254,4.624007,8411.376994,1,1,0.0,0,SAFE
12878.745,8250.47,5312.96,8340.52,216.74,186.03,30.71,201.38,7.7705,7.804,0.0335,15.5745,0.085,79754.389922,0,0,0.0,0,SAFE
1060.4585,356.18,627.1926,777.3915,199.26,199.56,0.2983,199.41,7.7901,7.912554,0.122454,15.702654,2.120599,1257.35135,0,1,0.0,0,SAFE
3.2533,1.2649,2.8563,0.9085,162.4,161.53,0.8692,161.97,7.8414,8.229891,0.388491,16.071291,3.724686,3.399024,1,1,0.0,1,MEDIUM
0.0471,0.0031,0.0013,0.047,1089.89,1086.86,3.0326,1088.37,7.2937,7.426789,0.133089,14.720489,21.444934,0.014032,1,1,0.0,1,CRITICAL
77.6494,13.7395,9.5862,75.8206,866.83,868.9,2.0657,867.86,7.425,7.260712,0.164288,14.685712,7.982453,38.855691,0,1,0.0,0,SAFE
8553.1472,5861.21,6222.52,287.73,246.91,193.01,53.9,219.96,7.7386,7.7915,0.0529,15.5301,4.412084,8391.932073,1,1,0.0,0,SAFE
3072.5958,352.61,2443.97,1828.53,926.28,219.53,706.75,572.9,7.3813,7.7965,0.4152,15.1778,10.845992,1723.811969,1,1,0.0,0,SAFE
11779.076,220.99,375.97,11771.0,248.99,311.06,62.07,280.02,7.7314,7.7295,0.0019,15.4609,5.179918,7119.093935,1,1,0.0,0,SAFE
11471.3657,5462.26,5192.81,8648.16,974.38,267.46,706.92,620.92,7.3655,7.7449,0.3794,15.1104,11.741863,5708.844191,1,1,0.0,0,SAFE
11118.7639,10699.66,1448.97,2654.18,361.48,144.17,217.31,252.82,7.6925,7.8483,0.1558,15.5408,4.917687,10171.501267,1,1,0.0,0,SAFE
66.3413,59.1765,6.2086,29.3386,294.43,291.06,3.3673,292.75,7.7022,7.244122,0.458078,14.946322,2.724756,78.223612,0,1,0.0,0,SAFE
2.238,0.7853,2.0842,0.2187,310.96,315.89,4.9324,313.43,7.6967,7.85961,0.16291,15.55631,5.62418,1.94027,1,1,0.0,1,MEDIUM
1.4244,0.1055,1.4152,0.1222,1014.63,1010.14,4.485,1012.39,7.3395,6.97309,0.36641,14.31259,9.792442,0.936438,0,1,0.0,1,MEDIUM
47.9111,37.8403,28.2115,8.228,905.36,907.14,1.7836,906.25,7.3746,7.735966,0.361366,15.110566,8.436406,33.725975,0,1,0.0,0,LOW
1.1253,0.0822,1.1058,0.1917,288.73,284.1,4.6317,286.41,7.73,7.449718,0.280282,15.179718,5.256847,1.003647,1,1,0.0,1,MEDIUM
1976.2994,1465.5579,704.585,1123.1471,1002.73,999.56,3.1709,1001.14,7.3486,7.168947,0.179653,14.517547,9.639839,1188.694096,0,1,0.0,0,SAFE
11144.7049,3889.79,752.28,10416.72,296.65,682.01,385.36,489.33,7.7338,7.5321,0.2017,15.2659,8.635145,5609.000512,1,1,0.0,0,SAFE
1146.1986,219.7797,291.7864,1086.4294,916.71,921.18,4.467,918.94,7.3812,7.655138,0.273938,15.036338,17.113948,404.243654,1,1,0.0,0,SAFE
11569.0231,10270.31,4392.66,3011.24,275.74,204.52,71.22,240.13,7.7203,7.7772,0.0569,15.4975,4.667014,10830.309316,1,1,0.0,0,SAFE
456.1868,261.3866,127.0023,351.6445,1101.43,1100.75,0.6773,1101.09,7.3202,6.871306,0.448894,14.191506,10.941957,232.698531,0,1,0.0,0,SAFE
0.0728,0.0545,0.0478,0.0068,291.34,290.82,0.5224,291.08,7.7161,8.1998,0.4837,15.9159,5.319349,0.064887,1,1,0.0,1,CRITICAL
10376.5902,6683.98,2483.94,7538.44,644.86,715.91,71.05,680.38,7.5252,7.4975,0.0277,15.0227,11.853852,5223.530064,1,1,0.0,0,SAFE
1.1846,0.546,0.9696,0.4062,337.99,337.44,0.5505,337.71,7.706,7.744564,0.038564,15.450564,5.965012,0.966692,1,1,0.0,1,MEDIUM
8846.7612,3689.55,6273.19,5029.86,372.9,233.19,139.71,303.04,7.7011,7.7668,0.0657,15.4679,5.522968,7029.253672,1,1,0.0,0,SAFE
878.8916,86.5691,806.2507,338.9928,271.31,271.66,0.3521,271.49,7.7582,7.836978,0.078778,15.595178,5.059121,771.542746,1,1,0.0,0,SAFE
50.3819,43.5034,25.3714,1.4443,295.61,293.11,2.5034,294.36,7.7224,8.117029,0.394629,15.839429,2.73273,62.816236,0,1,0.0,0,SAFE
186.9714,41.5676,97.5463,153.9973,331.48,328.52,2.9583,330.0,7.747,8.1993,0.4523,15.9463,2.980776,176.234426,0,1,0.0,0,SAFE
4704.0039,2052.47,3218.08,2749.36,210.8,193.22,17.58,202.01,7.8063,7.7946,0.0117,15.6009,2.189756,5898.820795,0,1,0.0,0,SAFE
21.6902,12.108,17.3753,4.6861,411.35,409.54,1.8084,410.45,7.6665,7.172795,0.493705,14.839295,3.572375,23.349361,0,1,0.0,0,LOW
11836.2276,4051.74,4119.06,10330.2,500.49,268.67,231.82,384.58,7.6187,7.7432,0.1245,15.3619,6.765294,7125.036517,1,1,0.0,0,SAFE
10192.8809,9141.11,2762.41,3564.27,200.09,268.38,68.29,234.24,7.7951,7.753,0.0421,15.5481,4.592269,9466.764014,1,1,0.0,0,SAFE
4706.6335,3469.11,636.33,3116.53,148.3,263.06,114.76,205.68,7.819,7.7545,0.0645,15.5735,4.260852,4088.244633,1,1,0.0,0,SAFE
4523.7601,4189.36,701.54,1556.12,300.21,179.3,120.91,239.75,7.7418,7.802,0.0602,15.5438,4.682584,4165.677422,1,1,0.0,0,SAFE
6713.9633,5859.25,1167.84,3063.11,974.61,883.66,90.95,929.13,7.3596,7.4113,0.0517,14.7709,17.378206,3122.384462,1,1,0.0,0,SAFE
5952.3519,4882.0539,3263.7534,971.5742,218.75,219.61,0.8629,219.18,7.7905,7.809856,0.019356,15.600356,2.238057,8141.59372,0,1,0.0,0,SAFE
0.9201,0.0902,0.6168,0.6767,637.63,637.34,0.29,637.49,7.5393,7.577502,0.038202,15.116802,10.997913,0.478359,1,1,0.0,1,HIGH
7209.7673,5052.98,5125.18,425.05,655.39,981.06,325.67,818.22,7.5298,7.3595,0.1703,14.8893,14.995975,3834.499224,1,1,0.0,0,SAFE
0.778,0.3808,0.0784,0.6739,335.46,338.96,3.4961,337.21,7.6991,7.945563,0.246463,15.644663,0.085,4.201215,0,0,0.0,1,HIGH
348.7672,277.1267,158.7075,140.1831,776.4,776.09,0.3051,776.25,7.472,7.465787,0.006213,14.937787,6.966587,259.896103,0,1,0.0,0,SAFE
33.1241,17.7853,12.4279,25.0288,289.38,285.94,3.4438,287.66,7.7107,8.162425,0.451725,15.873125,2.690763,34.399435,0,1,0.0,0,LOW
112.6747,94.0438,26.9646,55.895,394.36,390.08,4.2783,392.22,7.6694,7.975416,0.306016,15.644816,3.441989,116.330261,0,1,0.0,0,SAFE
44.2241,29.3791,21.1849,25.3739,150.78,148.74,2.0429,149.76,7.8535,7.712916,0.140584,15.566416,1.831154,60.901985,0,1,0.0,0,LOW
13036.5839,5495.26,11796.91,766.52,308.29,744.12,435.83,526.21,7.729,7.4837,0.2453,15.2127,9.354961,8778.489941,1,1,0.0,0,SAFE
6595.535,1549.8007,2800.8597,5766.6615,253.18,255.06,1.8781,254.12,7.7608,8.21959,0.45879,15.98039,4.83392,4690.769947,1,1,0.0,0,SAFE
6627.1254,2254.53,6142.86,1049.36,167.25,732.92,565.67,450.08,7.8073,7.5038,0.3035,15.3111,6.50289,5320.108675,0,1,0.0,0,SAFE
12597.7023,3223.8,6690.16,10176.0,356.73,228.17,128.56,292.45,7.6907,7.7941,0.1034,15.4848,5.372926,8945.879367,1,1,0.0,0,SAFE
0.0975,0.0392,0.0869,0.0201,234.23,232.77,1.4593,233.5,7.7612,8.129938,0.368738,15.891138,4.573198,0.09286,1,1,0.0,1,CRITICAL
17.3034,8.5552,14.1797,5.0151,201.36,206.17,4.8104,203.77,7.7866,8.255935,0.469335,16.042535,2.161876,23.688159,0,1,0.0,0,LOW
0.9992,0.6765,0.7141,0.1755,314.04,316.7,2.6569,315.37,7.7179,7.847028,0.129128,15.564928,5.651033,0.859084,1,1,0.0,1,HIGH
2561.2699,1483.09,826.26,1917.77,181.21,352.34,171.13,266.77,7.8039,7.6698,0.1341,15.4737,3.130055,2476.490746,0,1,0.0,0,SAFE
357.3901,331.4768,84.5736,103.4316,315.02,316.49,1.4679,315.75,7.7208,7.39377,0.32703,15.11457,2.865595,424.993892,0,1,0.0,0,SAFE
10665.3368,2365.8,9720.79,3695.76,336.83,355.67,18.84,346.25,7.6934,7.6736,0.0198,15.367,6.087936,8608.797242,1,1,0.0,0,SAFE
0.9253,0.6016,0.6778,0.1869,829.5,827.2,2.3012,828.35,7.4176,7.140961,0.276639,14.558561,7.554674,0.686118,0,1,0.0,1,HIGH
0.0647,0.0305,0.0058,0.0567,166.58,171.4,4.8188,168.99,7.807,8.263003,0.456003,16.070003,1.958299,0.072081,0,1,0.0,1,CRITICAL
31.1788,21.5655,22.5053,0.7473,376.02,376.8,0.7778,376.41,7.6589,7.658409,0.000491,15.317309,6.528788,25.151722,1,1,0.0,0,LOW
10267.355,2935.26,5115.8,8404.25,214.56,307.86,93.3,261.21,7.7622,7.7311,0.0311,15.4933,2.816211,9993.593567,0,1,0.0,0,SAFE
13335.8251,7417.74,8152.66,7507.03,335.01,321.95,13.06,328.48,7.7058,7.7103,0.0045,15.4161,5.834585,10331.44546,1,1,0.0,0,SAFE
481.1897,130.9656,240.7651,395.5043,374.31,375.76,1.4477,375.03,7.7016,7.712629,0.011029,15.414229,3.291276,432.174035,0,1,0.0,0,SAFE
7099.5452,4366.8552,4236.8565,3658.3008,189.3,193.73,4.4326,191.52,7.7978,7.798932,0.001132,15.596732,2.061822,9411.173359,0,1,0.0,0,SAFE
679.5601,207.4147,142.6381,631.2175,216.65,218.37,1.724,217.51,7.7792,7.342141,0.437059,15.121341,4.376006,483.244548,1,1,0.0,0,SAFE
381.7415,314.3928,52.8348,209.9816,713.44,716.69,3.2542,715.07,7.5261,7.657179,0.131079,15.183279,12.549321,202.624048,1,1,0.0,0,SAFE
8059.9866,5321.18,2247.29,5621.22,293.22,1026.17,732.95,659.7,7.7283,7.3386,0.3897,15.0669,12.57317,4003.150381,1,1,0.0,0,SAFE
8749.4118,4053.61,7254.11,2738.31,209.82,235.46,25.64,222.64,7.7603,7.8056,0.0453,15.5659,4.44017,8323.832833,1,1,0.0,0,SAFE
12564.9928,10302.72,7099.88,1150.96,182.87,262.88,80.01,222.88,7.8005,7.7511,0.0494,15.5516,4.455264,12243.49508,1,1,0.0,0,SAFE
7155.9738,3107.16,174.85,6443.83,244.4,203.0,41.4,223.7,7.752,7.7945,0.0425,15.5465,4.455447,5180.936325,1,1,0.0,0,SAFE
35.4332,21.7754,27.2785,6.1011,906.98,907.0,0.0237,906.99,7.3995,7.41782,0.01832,14.81732,8.455769,24.91275,0,1,0.0,0,LOW
364.9848,50.633,356.1432,61.7429,806.63,806.28,0.354,806.45,7.469,7.198189,0.270811,14.667189,14.507965,195.968351,1,1,0.0,0,SAFE
13436.7563,161.48,7631.94,11057.75,184.88,986.34,801.46,585.61,7.8133,7.3709,0.4424,15.1842,11.382636,6484.463967,1,1,0.0,0,SAFE
8127.1031,8014.14,1350.32,0.96,256.15,269.64,13.49,262.89,7.7412,7.7375,0.0037,15.4787,2.472492,10655.228952,0,1,0.0,0,SAFE
0.0871,0.0199,0.0648,0.0547,756.36,756.15,0.2142,756.25,7.4905,7.111376,0.379124,14.601876,13.414457,0.043326,1,1,0.0,1,CRITICAL
11925.7074,143.12,401.13,11918.1,163.75,304.49,140.74,234.12,7.8282,7.7233,0.1049,15.5515,2.793118,9814.96251,0,1,0.0,0,SAFE
2634.6412,2358.96,7.49,1173.28,184.32,184.55,0.23,184.44,7.7879,7.8055,0.0176,15.5934,0.085,17573.508988,0,0,0.0,0,SAFE
0.0873,0.0319,0.0137,0.0801,250.73,251.13,0.4033,250.93,7.7542,8.250855,0.496655,16.005055,4.793136,0.059983,1,1,0.0,1,CRITICAL
9786.5345,7426.56,5745.62,2758.68,256.81,352.31,95.5,304.56,7.7521,7.6783,0.0738,15.4304,5.521573,8394.371761,1,1,0.0,0,SAFE
371.839,226.5327,159.6754,247.8929,776.04,780.48,4.4431,778.26,7.4583,7.267012,0.191288,14.725312,6.962682,252.106074,0,1,0.0,0,SAFE
9059.7143,6460.8,6200.02,1377.04,295.86,250.13,45.73,273.0,7.7428,7.7613,0.0185,15.5041,5.083375,8230.530169,1,1,0.0,0,SAFE
12203.9723,9885.74,7128.97,621.99,269.22,353.11,83.89,311.17,7.7266,7.6916,0.035,15.4182,5.607858,10616.554002,1,1,0.0,0,SAFE
12018.0919,2308.9,11768.75,774.62,135.08,364.29,229.21,249.69,7.8488,7.6699,0.1789,15.5187,4.888876,11192.412598,1,1,0.0,0,SAFE
42.5766,35.804,16.8688,15.6935,779.89,776.47,3.415,778.18,7.4536,7.528585,0.074985,14.982185,7.004503,31.888611,0,1,0.0,0,LOW
1.1227,0.3859,0.4989,0.9287,234.08,235.66,1.5757,234.87,7.7661,8.140431,0.374331,15.906531,4.590267,0.850459,1,1,0.0,1,MEDIUM
10843.3694,2889.17,5651.16,8791.8,222.12,887.0,664.88,554.56,7.7715,7.4048,0.3667,15.1763,10.392212,5524.797077,1,1,0.0,0,SAFE
2844.9931,1793.0397,1172.5681,1871.9183,822.39,819.99,2.4,821.19,7.422,7.046339,0.375661,14.468339,7.47454,1869.57789,0,1,0.0,0,SAFE
0.0515,0.034,0.0191,0.0336,304.15,305.4,1.2484,304.77,7.7237,7.888983,0.165283,15.612683,2.790793,0.055498,0,1,0.0,1,CRITICAL
11493.1863,4542.87,9464.88,4676.72,160.06,205.54,45.48,182.8,7.8137,7.7908,0.0229,15.6045,2.158093,15369.002319,0,1,0.0,0,SAFE
434.3566,275.0206,334.1655,36.9154,212.19,211.52,0.6674,211.86,7.7783,7.555599,0.222701,15.333899,4.307286,430.591981,1,1,0.0,0,SAFE
8356.4747,3706.5558,3102.9351,6816.4439,267.63,267.19,0.4429,267.41,7.7447,8.203038,0.458338,15.947738,5.005785,6113.226476,1,1,0.0,0,SAFE
12868.6102,4629.86,4533.24,11118.24,253.17,822.38,569.21,537.77,7.7427,7.4202,0.3225,15.1629,9.842804,6469.268163,1,1,0.0,0,SAFE
8327.7899,2115.36,585.89,8033.31,221.94,987.18,765.24,604.56,7.761,7.3615,0.3995,15.1225,11.614832,3501.138202,1,1,0.0,0,SAFE
4.5631,2.9668,1.9342,2.8773,784.48,786.68,2.2033,785.58,7.4499,7.573835,0.123935,15.023735,14.048132,2.215338,1,1,0.0,1,MEDIUM
0.1328,0.0743,0.0537,0.096,199.12,203.17,4.0491,201.14,7.796,7.516349,0.279651,15.312349,4.178666,0.112812,1,1,0.0,1,HIGH
1750.56,679.6806,577.7431,1506.223,178.85,182.8,3.9512,180.83,7.8039,8.065609,0.261709,15.869509,2.023924,1946.362387,0,1,0.0,0,SAFE
5415.7321,5275.8701,663.4127,1027.2454,244.29,246.7,2.4053,245.49,7.7467,8.133099,0.386399,15.879799,2.396862,7139.139558,0,1,0.0,0,SAFE
2756.1804,2028.37,1310.43,1328.54,227.16,295.0,67.84,261.08,7.767,7.7237,0.0433,15.4907,4.933343,2387.373517,1,1,0.0,0,SAFE
487.3741,76.9851,323.3937,356.4033,200.23,196.71,3.5218,198.47,7.788,7.936538,0.148538,15.724538,0.085,2889.333809,0,0,0.0,0,SAFE
3.1273,0.1071,2.7058,1.5643,242.58,245.58,2.9965,244.08,7.7467,7.506954,0.239746,15.253654,0.085,20.518652,0,0,0.0,1,MEDIUM
2.5542,1.313,2.0671,0.726,792.28,793.07,0.7917,792.68,7.439,7.127114,0.311886,14.566114,14.203594,1.365465,1,1,0.0,1,MEDIUM
11749.1458,9887.97,1570.25,6148.56,321.44,187.77,133.67,254.61,7.7146,7.7869,0.0723,15.5015,4.878113,10097.997663,1,1,0.0,0,SAFE
1371.2401,1270.6805,459.1937,234.1185,307.51,307.05,0.4591,307.28,7.6985,7.675254,0.023246,15.373754,5.539465,1191.320508,1,1,0.0,0,SAFE
11559.715,1309.42,11465.16,680.1,203.04,261.19,58.15,232.12,7.8035,7.7569,0.0466,15.5604,4.563121,11145.322448,1,1,0.0,0,SAFE
4896.2061,547.18,3454.21,3426.64,197.54,1045.11,847.57,621.32,7.7991,7.3311,0.468,15.1302,10.188801,2697.897156,0,1,0.0,0,SAFE
7080.4281,2036.91,6014.6,3131.78,256.63,292.32,35.69,274.48,7.7415,7.7301,0.0114,15.4716,5.101105,6101.493668,1,1,0.0,0,SAFE
6421.7102,826.37,5935.21,2308.41,180.5,1078.17,897.67,629.34,7.8064,7.3397,0.4667,15.1461,10.627637,3912.464311,0,1,0.0,0,SAFE
11739.0118,10429.14,3915.18,3702.54,206.34,196.95,9.39,201.64,7.7849,7.8142,0.0293,15.5991,2.106892,16205.389115,0,1,0.0,0,SAFE
5611.6564,5138.9079,346.3896,2227.6283,282.1,284.95,2.8489,283.52,7.7396,7.982847,0.243247,15.722447,2.642142,6798.50211,0,1,0.0,0,SAFE
0.9552,0.1385,0.1235,0.937,251.75,254.82,3.0749,253.29,7.7331,8.186752,0.453652,15.919852,2.463982,0.855836,0,1,0.0,1,HIGH
8551.7931,6954.49,2088.51,4517.34,309.38,901.0,591.62,605.19,7.7127,7.3887,0.324,15.1014,11.126062,4858.530751,1,1,0.0,0,SAFE
4.2807,1.2387,2.2254,3.4406,301.67,304.88,3.2053,303.27,7.7229,7.703393,0.019507,15.426293,5.484621,3.017201,1,1,0.0,1,MEDIUM
8755.188,2567.01,7320.63,4058.59,211.19,236.79,25.6,223.99,7.7992,7.7374,0.0618,15.5366,4.456766,8023.119835,1,1,0.0,0,SAFE
9551.9097,7348.67,5814.16,1852.45,990.07,201.8,788.27,595.94,7.3683,7.8106,0.4423,15.1789,2.135724,13332.966558,0,1,0.0,0,SAFE
13707.11,3033.1,2629.1,13106.22,839.11,302.18,536.93,570.64,7.4028,7.717,0.3142,15.1198,10.35601,6159.768785,1,1,0.0,0,SAFE
0.0341,0.0132,0.0298,0.0101,274.03,269.94,4.0897,271.99,7.7221,7.469513,0.252587,15.191613,2.58877,0.042618,0,1,0.0,1,CRITICAL
92.81,3.9253,26.3445,88.9059,192.37,192.55,0.1812,192.46,7.8011,7.575799,0.225301,15.376899,0.085,459.480344,0,0,0.0,0,SAFE
13293.5447,8188.79,5883.26,8663.1,499.39,212.78,286.61,356.08,7.62,7.7773,0.1573,15.3973,4.287317,11569.314187,0,1,0.0,0,SAFE
10978.8027,1076.21,4957.68,9736.39,367.77,337.73,30.04,352.75,7.677,7.697,0.02,15.374,6.182969,6830.169407,1,1,0.0,0,SAFE
17.4056,11.4704,5.9682,11.6519,227.75,229.79,2.0365,228.77,7.7416,7.527358,0.214242,15.268958,2.293385,20.534095,0,1,0.0,0,LOW
7101.7359,3247.13,1930.34,6013.7,215.34,314.48,99.14,264.91,7.7822,7.713,0.0692,15.4952,4.994128,5081.540898,1,1,0.0,0,SAFE
27.6493,4.2098,21.3268,17.086,379.11,376.59,2.516,377.85,7.6837,7.841193,0.157493,15.524893,3.327046,27.737794,0,1,0.0,0,LOW
0.3656,0.0582,0.3591,0.0355,149.96,150.92,0.9617,150.44,7.8341,7.55612,0.27798,15.39022,1.843221,0.553623,0,1,0.0,1,HIGH
4.8606,4.6011,0.0207,1.5666,1201.17,1197.35,3.8161,1199.26,7.2466,6.844623,0.401977,14.091223,24.543706,1.963375,1,1,0.0,1,MEDIUM
1.1485,1.1245,0.2304,0.0382,171.35,172.45,1.0978,171.9,7.8347,7.57979,0.25491,15.41449,0.085,8.118522,0,0,0.0,1,MEDIUM
0.3628,0.3287,0.0744,0.1344,338.1,334.52,3.5828,336.31,7.6818,7.509873,0.171927,15.191673,3.027749,0.413132,0,1,0.0,1,HIGH
1215.2174,752.5147,900.0573,316.815,215.82,218.44,2.6202,217.13,7.7816,7.581921,0.199679,15.363521,2.220193,1649.281664,0,1,0.0,0,SAFE
3.9983,2.9101,1.0525,2.5318,371.65,370.32,1.326,370.99,7.6937,8.008337,0.314637,15.702037,3.271538,4.017668,0,1,0.0,1,MEDIUM
7406.1053,5820.49,4428.94,1164.81,225.73,182.11,43.62,203.92,7.7861,7.8217,0.0356,15.6078,2.019915,10668.737861,0,1,0.0,0,SAFE
4.6184,3.1589,0.2707,3.3583,150.61,149.33,1.2811,149.97,7.8289,7.621286,0.207614,15.450186,3.590916,4.22247,1,1,0.0,1,MEDIUM
9669.1974,7545.17,5135.82,3191.73,537.36,855.73,318.37,696.55,7.5732,7.4082,0.165,14.9814,7.854016,6894.131122,0,1,0.0,0,SAFE
9177.8663,3653.97,1282.26,8320.91,1003.05,382.09,620.96,692.57,7.3492,7.6599,0.3107,15.0091,12.908279,3881.869458,1,1,0.0,0,SAFE
1.1266,0.6256,0.6024,0.7176,270.53,268.53,1.9979,269.53,7.775,7.706982,0.068018,15.481982,5.033522,0.911088,1,1,0.0,1,MEDIUM
8771.8216,6732.4,3293.37,4557.78,235.8,157.68,78.12,196.74,7.7736,7.8408,0.0672,15.6144,2.343457,10891.017568,0,1,0.0,0,SAFE
1.1036,0.3274,0.9044,0.5412,337.37,342.04,4.675,339.71,7.6972,7.924497,0.227297,15.621697,3.022551,1.218125,0,1,0.0,1,MEDIUM
452.6843,259.1818,36.1794,369.3764,217.98,221.47,3.4894,219.72,7.7716,7.422531,0.349069,15.194131,0.085,2540.902026,0,0,0.0,0,SAFE
13027.5389,12812.76,809.33,2212.45,288.7,263.51,25.19,276.11,7.7182,7.7563,0.0381,15.4745,5.12123,11772.322289,1,1,0.0,0,SAFE
2.9161,0.7647,1.2562,2.5181,459.88,463.95,4.07,461.92,7.6363,8.009844,0.373544,15.646144,7.864919,1.640614,1,1,0.0,1,MEDIUM
3175.0375,1276.8494,2407.2432,1629.6316,872.13,873.07,0.941,872.6,7.4036,7.515938,0.112338,14.919538,16.014274,1511.221926,1,1,0.0,0,SAFE
9733.8977,1734.02,9228.07,2566.06,1080.12,209.23,870.89,644.67,7.3427,7.7837,0.441,15.1264,2.180281,13325.241799,0,1,0.0,0,SAFE
47.3735,38.6402,7.7169,26.2989,170.82,166.95,3.8723,168.88,7.8146,8.21358,0.39898,16.02818,1.954998,63.58855,0,1,0.0,0,LOW
4602.6463,1002.62,1685.07,4164.09,244.25,201.27,42.98,222.76,7.7562,7.8095,0.0533,15.5657,2.396609,4525.94964,0,1,0.0,0,SAFE
8895.4995,5411.1958,7058.042,181.4195,1025.81,1028.71,2.8961,1027.26,7.333,7.726393,0.393393,15.059393,19.826414,4118.05875,1,1,0.0,0,SAFE
8734.4249,588.48,5719.17,6575.33,199.51,284.93,85.42,242.22,7.7647,7.7282,0.0365,15.4929,4.698075,6876.443641,1,1,0.0,0,SAFE
13281.205,8185.53,1759.47,10309.79,1072.54,233.75,838.79,653.14,7.3065,7.7661,0.4596,15.0726,10.552249,6874.544523,0,1,0.0,0,SAFE
8782.827,3209.12,3054.6,7583.47,290.52,243.94,46.58,267.23,7.7146,7.7381,0.0235,15.4527,5.008067,6192.611605,1,1,0.0,0,SAFE
9558.3588,9328.57,793.84,1926.09,201.81,847.0,645.19,524.4,7.7991,7.4595,0.3396,15.2586,7.753738,6996.286238,0,1,0.0,0,SAFE
1000.6877,923.2596,5.1709,385.9285,199.82,198.32,1.5026,199.07,7.7944,8.160799,0.366399,15.955199,2.115,1358.656847,0,1,0.0,0,SAFE
0.0285,0.0235,0.0131,0.0092,271.49,275.32,3.8323,273.41,7.7317,7.840741,0.109041,15.572441,5.084367,0.025246,1,1,0.0,1,CRITICAL
4.3065,0.2752,0.4374,4.2754,292.25,290.49,1.7634,291.37,7.7306,8.155469,0.424869,15.886069,5.323249,2.588312,1,1,0.0,1,MEDIUM
9728.2198,8660.29,2710.51,3505.82,317.15,219.88,97.27,268.51,7.7181,7.8055,0.0874,15.5236,5.040336,8604.722231,1,1,0.0,0,SAFE
5890.3338,1039.68,5735.02,851.26,162.53,259.7,97.17,211.12,7.8082,7.742,0.0662,15.5502,2.495362,7642.461499,0,1,0.0,0,SAFE
11187.9176,1018.76,2534.11,10849.42,751.83,274.1,477.73,512.97,7.4847,7.7219,0.2372,15.2066,9.206814,5252.909859,1,1,0.0,0,SAFE
4355.7151,3557.7847,10.2292,2512.8304,311.13,314.59,3.4615,312.86,7.7174,7.807304,0.089904,15.524704,5.616337,3420.841939,1,1,0.0,0,SAFE
1463.4737,970.2852,1088.7747,121.9492,236.56,238.89,2.3291,237.72,7.7391,7.699382,0.039718,15.438482,2.348213,1965.039936,0,1,0.0,0,SAFE
0.0076,0.0066,0.0034,0.0017,316.35,317.29,0.9383,316.82,7.7191,7.982358,0.263258,15.701458,5.671147,0.006508,1,1,0.0,1,CRITICAL
5605.4323,69.59,3734.71,4179.47,184.87,166.06,18.81,175.47,7.8172,7.8303,0.0131,15.6475,3.878902,4877.917029,1,1,0.0,0,SAFE
209.0749,76.8461,191.4575,33.9266,247.24,248.42,1.1833,247.83,7.7385,7.659898,0.078602,15.398398,4.753646,196.237895,1,1,0.0,0,SAFE
0.0433,0.0231,0.0194,0.031,196.85,197.3,0.4476,197.07,7.7789,7.961551,0.182651,15.740451,2.108952,0.051946,0,1,0.0,1,CRITICAL
0.0889,0.0321,0.0074,0.0826,1032.1,1034.41,2.3138,1033.26,7.3218,7.213166,0.108634,14.534966,10.018654,0.041779,0,1,0.0,1,CRITICAL
6007.7142,5017.65,3301.76,119.16,208.47,582.37,373.9,395.42,7.7796,7.5497,0.2299,15.3293,5.02148,5526.375292,0,1,0.0,0,SAFE
7357.6127,1001.0,5991.28,4151.75,194.71,276.16,81.45,235.44,7.8052,7.7823,0.0229,15.5875,2.602803,8529.788648,0,1,0.0,0,SAFE
0.829,0.3264,0.7619,0.0155,173.64,175.91,2.2682,174.77,7.8054,7.789976,0.015424,15.595376,0.085,5.861259,0,0,0.0,1,HIGH
10899.7702,1642.48,2281.51,10531.0,304.61,1035.89,731.28,670.25,7.7205,7.3469,0.3736,15.0674,12.77701,4361.646671,1,1,0.0,0,SAFE
1773.6911,1188.5345,323.0589,1276.3224,443.3,443.96,0.6605,443.63,7.6387,7.146737,0.491963,14.785437,3.824213,1578.128887,0,1,0.0,0,SAFE
523.2871,485.6891,145.3651,129.6321,287.4,285.45,1.9494,286.43,7.7429,7.741315,0.001585,15.484215,2.677495,647.944399,0,1,0.0,0,SAFE
12507.9842,4937.4,7730.67,8503.44,190.65,254.52,63.87,222.59,7.799,7.7571,0.0419,15.5561,4.446766,10541.966738,1,1,0.0,0,SAFE
1003.4867,35.2453,352.2862,938.9557,235.72,235.0,0.7236,235.36,7.7519,7.376785,0.375115,15.128685,2.342957,968.581264,0,1,0.0,0,SAFE
1.8657,0.2061,0.1841,1.8451,238.98,234.09,4.8917,236.53,7.7832,7.680763,0.102437,15.463963,2.363389,1.690621,0,1,0.0,1,MEDIUM
6068.4438,5916.52,315.95,1311.86,160.58,257.66,97.08,209.12,7.8398,7.7505,0.0893,15.5903,4.294262,5958.203682,1,1,0.0,0,SAFE
12555.9995,4516.75,11688.6,792.92,383.93,253.15,130.78,318.54,7.6793,7.7506,0.0713,15.4299,5.73141,10800.238871,1,1,0.0,0,SAFE
6108.8493,4620.53,1500.4,3703.72,173.13,236.14,63.01,204.63,7.8076,7.802,0.0056,15.6096,2.345584,7335.447341,0,1,0.0,0,SAFE
6039.7758,2847.79,4505.19,2841.17,315.38,218.53,96.85,266.95,7.6914,7.7656,0.0742,15.457,2.868089,6885.484493,0,1,0.0,0,SAFE
0.0222,0.0114,0.0088,0.0169,170.9,168.8,2.0964,169.85,7.8079,8.007816,0.199916,15.815716,0.085,0.129379,0,0,0.0,1,CRITICAL
0.4699,0.1628,0.1894,0.3981,848.16,850.32,2.1625,849.24,7.4484,7.260241,0.188159,14.708641,7.767025,0.269546,0,1,0.0,1,HIGH
13429.4038,3081.34,7613.76,10624.73,434.01,883.14,449.13,658.58,7.6369,7.4212,0.2157,15.0581,11.838166,6498.612326,1,1,0.0,0,SAFE
4535.1524,2892.04,3481.32,290.04,319.55,287.47,32.08,303.51,7.7018,7.7501,0.0483,15.4519,5.490028,3985.704624,1,1,0.0,0,SAFE
9.427,6.8825,5.9502,2.4688,991.4,987.12,4.2815,989.26,7.3568,7.018556,0.338244,14.375356,9.441466,6.203159,0,1,0.0,0,LOW
5929.3779,4848.31,2413.93,2413.37,1214.57,313.71,900.86,764.14,7.2363,7.6944,0.4581,14.9307,12.536439,3289.658804,0,1,0.0,0,SAFE
11798.4746,2590.39,4922.32,10405.03,230.5,550.17,319.67,390.33,7.7862,7.5967,0.1895,15.3829,6.955071,6950.463763,1,1,0.0,0,SAFE
4.705,3.9657,0.5595,2.4692,218.53,217.07,1.4619,217.8,7.7657,7.975544,0.209844,15.741244,2.227794,5.980698,0,1,0.0,1,MEDIUM
4.8776,1.1533,4.3031,1.9861,255.13,250.37,4.7617,252.75,7.7679,7.977693,0.209793,15.745593,0.085,32.863143,0,0,0.0,1,MEDIUM
12067.8366,2624.08,11699.34,1368.33,296.98,795.82,498.84,546.4,7.7228,7.4861,0.2367,15.2089,9.835888,7904.247981,1,1,0.0,0,SAFE
8386.3235,5529.34,3144.48,5465.26,202.23,177.05,25.18,189.64,7.7931,7.7916,0.0015,15.5847,2.13829,10334.652357,0,1,0.0,0,SAFE
0.1651,0.1146,0.086,0.082,1145.62,1147.81,2.1908,1146.72,7.249,6.758063,0.490937,14.007063,11.551777,0.093007,0,1,0.0,1,HIGH
3458.0,1438.74,2928.51,1145.26,258.39,344.11,85.72,301.25,7.7398,7.6926,0.0472,15.4324,5.472628,2953.035863,1,1,0.0,0,SAFE
12052.8114,4438.79,2539.35,10914.17,270.91,238.9,32.01,254.91,7.7228,7.7525,0.0297,15.4753,4.846171,8328.448135,1,1,0.0,0,SAFE
12180.5953,7950.96,2592.92,8855.84,1146.7,996.96,149.74,1071.83,7.2468,7.3334,0.0866,14.5802,21.048168,4600.040409,1,1,0.0,0,SAFE
0.9953,0.7728,0.2739,0.5643,224.14,222.72,1.4165,223.43,7.7629,7.901461,0.138561,15.664361,4.448509,0.881728,1,1,0.0,1,HIGH
0.0202,0.0124,0.0022,0.0158,408.96,405.11,3.8549,407.03,7.6516,8.115796,0.464196,15.767396,6.99305,0.01279,1,1,0.0,1,CRITICAL
1964.3521,1219.23,1455.65,503.23,298.15,639.9,341.75,469.02,7.7001,7.5278,0.1723,15.2279,8.229766,1385.654135,1,1,0.0,0,SAFE
1988.3935,867.0031,1529.9711,928.0101,920.81,918.79,2.0202,919.8,7.4007,7.501251,0.100551,14.901951,17.134579,928.435129,1,1,0.0,0,SAFE
413.4023,396.0294,26.0315,115.6916,186.27,185.65,0.6193,185.96,7.8005,8.224781,0.424281,16.025281,2.044108,582.982892,0,1,0.0,0,SAFE
20.7466,0.5442,15.0035,14.3185,762.78,766.33,3.5528,764.56,7.4763,7.21149,0.26481,14.68779,6.819607,14.044806,0,1,0.0,0,LOW
7519.0525,4175.09,1049.11,6164.75,1071.21,953.72,117.49,1012.47,7.3084,7.4077,0.0993,14.7161,19.473511,2780.43915,1,1,0.0,0,SAFE
3933.0411,1200.18,2503.17,2786.13,158.92,168.88,9.96,163.9,7.8239,7.8088,0.0151,15.6327,0.085,23618.108664,0,0,0.0,0,SAFE
12017.492,6340.42,10201.23,392.55,648.05,361.11,286.94,504.58,7.5436,7.6945,0.1509,15.2381,8.752999,8371.458041,1,1,0.0,0,SAFE
2585.7626,1625.63,1854.04,778.48,365.03,185.65,179.38,275.34,7.6593,7.8014,0.1421,15.4607,3.222677,2893.712073,0,1,0.0,0,SAFE
8143.354,1947.82,5070.23,6067.37,146.5,302.57,156.07,224.53,7.8193,7.7153,0.104,15.5346,4.513844,6571.285724,1,1,0.0,0,SAFE
9615.1395,874.8,6294.96,7215.2,226.48,191.58,34.9,209.03,7.7835,7.8277,0.0442,15.6112,2.285536,10868.936416,0,1,0.0,0,SAFE
1.0294,0.9304,0.409,0.1641,242.42,240.85,1.5727,241.63,7.7819,7.855731,0.073831,15.637631,2.385047,1.364465,0,1,0.0,1,MEDIUM
0.0012,0.0005,0.0001,0.0011,283.2,285.66,2.459,284.43,7.7389,8.123785,0.384885,15.862685,5.230315,0.000811,1,1,0.0,1,CRITICAL
236.8697,27.52,123.1778,200.4423,290.68,288.13,2.5465,289.41,7.7353,7.342449,0.392851,15.077749,2.699493,230.635276,0,1,0.0,0,SAFE
12307.4605,7280.83,3337.14,9344.87,436.12,263.25,172.87,349.69,7.6547,7.7319,0.0772,15.3866,6.200203,8400.850906,1,1,0.0,0,SAFE
11133.215,9168.26,846.85,6258.94,341.48,409.04,67.56,375.26,7.7129,7.6544,0.0585,15.3673,6.52138,8160.527001,1,1,0.0,0,SAFE
45.4272,37.7855,25.1778,1.4026,771.92,776.45,4.531,774.19,7.4566,7.622047,0.165447,15.078647,6.918067,35.596126,0,1,0.0,0,LOW
231.0749,208.6978,39.1238,91.1602,170.69,169.52,1.1717,170.1,7.8424,7.747042,0.095358,15.589442,0.085,1561.711668,0,0,0.0,0,SAFE
7.6517,7.3765,2.0173,0.2591,330.8,332.83,2.0296,331.81,7.7047,7.469265,0.235435,15.173965,5.881293,6.5025,1,1,0.0,0,LOW
0.7161,0.4626,0.1239,0.5324,683.68,686.82,3.1439,685.25,7.517,7.320857,0.196143,14.837857,5.997168,0.501775,0,1,0.0,1,HIGH
2648.8745,2262.81,1333.88,342.04,172.71,738.04,565.33,455.38,7.8039,7.478,0.3259,15.2819,8.437448,1871.239898,1,1,0.0,0,SAFE
17.6537,4.0,5.2379,16.3773,532.23,533.87,1.6425,533.05,7.5987,7.206587,0.392113,14.805287,4.57087,12.297385,0,1,0.0,0,LOW
13144.4361,8509.7,8561.45,5202.19,178.89,292.76,113.87,235.82,7.8041,7.7326,0.0715,15.5367,4.62978,12033.362977,1,1,0.0,0,SAFE
6186.5075,1770.25,5882.53,731.39,341.54,216.21,125.33,278.88,7.6982,7.7676,0.0694,15.4658,3.052306,7271.655541,0,1,0.0,0,SAFE
0.0512,0.0137,0.0438,0.0226,408.0,411.23,3.2294,409.61,7.6658,7.739564,0.073764,15.405364,7.032913,0.037577,1,1,0.0,1,CRITICAL
5792.6694,4998.06,2139.05,1999.72,148.2,1089.12,940.92,618.66,7.8199,7.3308,0.4891,15.1507,12.518229,3261.571567,1,1,0.0,0,SAFE
47.8888,19.6859,27.2815,34.081,240.04,242.57,2.5255,241.3,7.7598,7.770282,0.010482,15.530082,2.370052,54.362606,0,1,0.0,0,LOW
5859.558,2624.5275,3376.901,4005.3483,988.16,984.93,3.2282,986.55,7.3356,6.859354,0.476246,14.194954,9.413846,3387.767559,0,1,0.0,0,SAFE
25.7443,17.8283,12.3787,13.8453,938.62,936.33,2.288,937.48,7.3722,6.950675,0.421525,14.322875,17.563878,11.601889,1,1,0.0,0,LOW
0.0019,0.0002,0.0019,0.0,685.19,683.32,1.8725,684.25,7.5376,7.951591,0.413991,15.489191,6.01237,0.001621,0,1,0.0,1,CRITICAL
1061.7213,746.7543,5.7009,754.7037,195.04,198.62,3.5784,196.83,7.7898,8.047231,0.257431,15.837031,0.085,6367.181864,0,0,0.0,0,SAFE
4.7144,0.4114,1.5937,4.4177,424.45,425.57,1.1207,425.01,7.6434,7.206847,0.436553,14.850247,3.674583,3.628438,0,1,0.0,1,MEDIUM
6254.0938,1474.19,6055.01,526.6,314.23,819.92,505.69,567.08,7.7265,7.4692,0.2573,15.1957,10.221927,4024.718307,1,1,0.0,0,SAFE
2993.5602,2482.93,1314.49,1033.72,978.3,767.22,211.08,872.76,7.365,7.4634,0.0984,14.8284,16.112674,1485.644718,1,1,0.0,0,SAFE
10496.6106,8584.39,1952.47,5716.2,684.29,546.62,137.67,615.45,7.5111,7.6224,0.1113,15.1335,6.003307,8071.507793,0,1,0.0,0,SAFE
8770.1099,2883.28,1168.95,8199.7,935.11,956.44,21.33,945.78,7.3651,7.3461,0.019,14.7112,17.768222,3076.179155,1,1,0.0,0,SAFE
0.4338,0.2569,0.1757,0.3022,220.31,220.63,0.3199,220.47,7.7854,7.306121,0.479279,15.091521,4.412154,0.363889,1,1,0.0,1,HIGH
0.1912,0.0079,0.134,0.1361,282.86,280.61,2.2477,281.74,7.7387,7.249996,0.488704,14.988696,2.647197,0.205327,0,1,0.0,1,HIGH
9911.7789,3391.04,7063.97,6069.97,298.09,683.57,385.48,490.83,7.7367,7.5393,0.1974,15.276,8.660589,6177.865644,1,1,0.0,0,SAFE
1.9825,1.3439,1.3019,0.6551,1028.47,1030.44,1.9722,1029.46,7.3311,7.781185,0.450085,15.112285,9.997077,1.252787,0,1,0.0,1,MEDIUM
9975.8016,2231.01,9353.67,2654.82,736.59,889.74,153.15,813.16,7.5125,7.3798,0.1327,14.8923,14.707261,5256.054136,1,1,0.0,0,SAFE
0.1928,0.1,0.1173,0.1157,287.98,289.37,1.3854,288.67,7.7339,8.058369,0.324469,15.792269,5.287043,0.154577,1,1,0.0,1,HIGH
8530.8204,5628.9901,1712.7336,6177.0472,333.26,331.42,1.8372,332.34,7.7084,7.598409,0.109991,15.306809,5.888741,6101.153991,1,1,0.0,0,SAFE
0.0,0.0,0.0,0.0,1.2663854861001276e+22,1.2663854861001276e+22,0.0,1.2663854861001276e+22,0.0,-0.42795,0.42795,-0.42795,1.363172369494298e+39,0.0,1,1,0.0,1,CRITICAL
13460.4089,13288.38,2127.02,278.12,1547.15,244.35,1302.8,895.75,7.1255,7.7765,0.651,14.902,20.16574,6178.657555,1,1,0.0,0,SAFE
9781.5879,5125.0445,7094.9943,4367.429,963.74,966.65,2.9111,965.2,7.3553,7.046561,0.308739,14.401861,18.247801,4451.531586,1,1,0.0,0,SAFE
0.4118,0.2354,0.3323,0.0606,405.07,406.76,1.6928,405.92,7.6668,7.781391,0.114591,15.448191,6.975824,0.319475,1,1,0.0,1,HIGH
1631.0905,274.5804,1247.8168,1013.9108,175.46,178.22,2.7648,176.84,7.8102,7.925497,0.115297,15.735697,3.893999,1510.082827,1,1,0.0,0,SAFE
0.047,0.0065,0.0004,0.0466,266.54,266.04,0.5004,266.29,7.7493,7.600024,0.149276,15.349324,2.53973,0.041029,0,1,0.0,1,CRITICAL
9908.1363,7479.66,4057.84,5075.41,280.63,354.09,73.46,317.36,7.7396,7.7168,0.0228,15.4564,5.690125,7914.280559,1,1,0.0,0,SAFE
1680.0579,1028.0933,1295.1328,297.0686,227.78,224.8,2.9802,226.29,7.7874,8.271035,0.483635,16.058435,2.275173,2276.179976,0,1,0.0,0,SAFE
5432.5074,4687.47,637.35,2670.87,1076.99,640.11,436.88,858.55,7.3009,7.5163,0.2154,14.8172,10.611814,3198.799859,0,1,0.0,0,SAFE
8433.9527,2796.2885,2990.6573,7373.4861,281.34,285.03,3.6864,283.18,7.7399,7.940154,0.200254,15.680054,2.637092,8121.505041,0,1,0.0,0,SAFE
3.1359,2.7031,0.8564,1.3393,220.17,224.0,3.8295,222.08,7.7787,7.54505,0.23365,15.32375,4.431986,2.911074,1,1,0.0,1,MEDIUM
2.0504,0.8308,1.8703,0.1254,201.14,204.29,3.148,202.71,7.7995,7.420781,0.378719,15.220281,4.19738,2.061026,1,1,0.0,1,MEDIUM
0.7695,0.2267,0.6761,0.2892,252.44,250.71,1.7341,251.57,7.7618,7.652502,0.109298,15.414302,4.801333,0.694999,1,1,0.0,1,HIGH
12410.3768,5499.11,4877.77,9999.23,167.47,392.81,225.34,280.14,7.8041,7.6721,0.132,15.4762,3.430216,11045.533106,0,1,0.0,0,SAFE
12741.6503,7915.63,9703.98,2350.58,267.79,238.15,29.64,252.97,7.7509,7.7726,0.0217,15.5235,4.821059,11849.607401,1,1,0.0,0,SAFE
0.01,0.0008,0.0001,0.01,916.61,916.34,0.2716,916.47,7.4074,7.061672,0.345728,14.469072,17.054392,0.003344,1,1,0.0,1,CRITICAL
11567.5435,9387.07,6293.99,2465.09,332.02,1066.93,734.91,699.48,7.7053,7.3153,0.39,15.0206,13.376989,6437.356721,1,1,0.0,0,SAFE
45.0707,16.4086,17.317,38.2394,364.55,367.12,2.5747,365.84,7.6996,7.605347,0.094253,15.304947,6.372246,28.513571,1,1,0.0,0,LOW
18.8509,2.8826,18.5153,2.057,1056.62,1056.61,0.0071,1056.62,7.3275,7.752808,0.425308,15.080308,20.595966,8.534827,1,1,0.0,0,LOW
9330.854,174.29,3422.41,8678.8,280.03,152.34,127.69,216.19,7.7227,7.8158,0.0931,15.5385,0.085,47549.721501,0,0,0.0,0,SAFE
10760.8189,2720.78,5673.96,8729.19,233.78,352.99,119.21,293.38,7.7669,7.7022,0.0647,15.4691,5.380606,7617.490904,1,1,0.0,0,SAFE
1592.8289,1547.7243,367.027,83.3337,246.19,243.09,3.1038,244.64,7.7809,8.145263,0.364363,15.926163,4.713151,1511.393207,1,1,0.0,0,SAFE
0.4752,0.3703,0.0512,0.2934,295.27,296.93,1.6577,296.1,7.7263,8.065764,0.339464,15.792064,5.38708,0.374742,1,1,0.0,1,HIGH
0.9377,0.8166,0.4409,0.1344,185.56,188.58,3.0161,187.07,7.7975,8.021946,0.224446,15.819446,2.057583,1.340005,0,1,0.0,1,HIGH
0.7374,0.4542,0.5334,0.2301,350.02,352.62,2.6043,351.32,7.6843,7.391067,0.293233,15.075367,6.160384,0.595698,1,1,0.0,1,HIGH
12674.6801,12029.03,3378.05,2130.43,990.59,324.73,665.86,657.66,7.3334,7.714,0.3806,15.0474,2.933263,15136.330088,0,1,0.0,0,SAFE
6403.8474,4415.7747,3706.819,2787.416,251.75,248.65,3.1001,250.2,7.7854,7.631563,0.153837,15.416963,4.78382,5709.489546,1,1,0.0,0,SAFE
6.7929,5.8035,1.3086,3.2789,368595.14,368599.57,4.4335,368597.36,0.8668,0.82528,0.04152,1.69208,578982.737579,0.017172,0,1,0.0,0,LOW
43.2992,1.0313,39.8454,16.9146,330.97,328.37,2.5959,329.67,7.6996,8.072438,0.372838,15.772038,2.977172,49.492056,0,1,0.0,0,LOW
15.0806,9.3922,11.6686,1.748,231.5,231.09,0.414,231.29,7.7798,7.593771,0.186029,15.373571,2.316642,20.349625,0,1,0.0,0,LOW
4163.9465,2164.13,1146.53,3367.56,240.06,263.92,23.86,251.99,7.7666,7.7292,0.0374,15.4958,2.370177,4448.904205,0,1,0.0,0,SAFE
12699.2254,8245.97,8641.63,4312.37,235.26,157.4,77.86,196.33,7.7672,7.8159,0.0487,15.5831,2.340081,16556.923609,0,1,0.0,0,SAFE
5750.6886,2508.14,1502.25,4952.06,241.61,246.1,4.49,243.86,7.7588,7.7457,0.0131,15.5045,0.085,31182.196209,0,0,0.0,0,SAFE
1.6352,0.1429,0.6729,1.4834,285.71,284.62,1.0859,285.17,7.7544,7.348948,0.405452,15.103348,5.240144,1.084891,1,1,0.0,1,MEDIUM
5520.444,3821.48,2650.07,2974.68,303.71,404.13,100.42,353.92,7.7242,7.6537,0.0705,15.3779,6.219453,4179.200582,1,1,0.0,0,SAFE
8.6188,2.3378,8.2682,0.676,758.89,756.6,2.2872,757.75,7.4709,7.130075,0.340825,14.600975,13.446383,4.83724,1,1,0.0,0,LOW
261.9228,50.4577,211.2528,146.3893,187.96,185.79,2.1688,186.88,7.7984,7.442853,0.355547,15.241253,2.041316,343.576641,0,1,0.0,0,SAFE
7948.2625,6294.66,4768.99,899.37,232.26,545.76,313.5,389.01,7.7677,7.5845,0.1832,15.3522,6.926729,6203.723621,1,1,0.0,0,SAFE
29.9168,6.8515,13.0236,26.0472,283.25,286.66,3.4125,284.96,7.7393,7.413153,0.326147,15.152453,5.237353,20.504214,1,1,0.0,0,LOW
0.0581,0.0124,0.0455,0.0339,220.11,223.08,2.9715,221.6,7.779,8.253401,0.474401,16.032401,0.085,0.369675,0,0,0.0,1,CRITICAL
0.0167,0.0073,0.0061,0.0138,296.2,299.59,3.3855,297.89,7.7525,7.978575,0.226075,15.731075,2.736721,0.016419,0,1,0.0,1,CRITICAL
1237.8114,378.1834,1177.402,53.6574,513.42,516.08,2.6635,514.75,7.6113,7.430889,0.180411,15.042189,4.407335,1214.88199,0,1,0.0,0,SAFE
9939.6804,6160.7207,1985.9376,7543.1306,1010.25,1011.91,1.6592,1011.08,7.3413,7.061257,0.280043,14.402557,19.40858,3835.655008,1,1,0.0,0,SAFE
287.4474,151.0533,244.4011,8.7739,198.82,203.49,4.6698,201.15,7.8203,7.464253,0.356047,15.284553,0.085,2032.033712,0,0,0.0,0,SAFE
3687.794,1170.37,3497.09,20.5,462.26,196.75,265.51,329.5,7.6372,7.7938,0.1566,15.431,5.998471,3104.110128,1,1,0.0,0,SAFE
0.3226,0.3214,0.0038,0.0277,201.56,204.47,2.9071,203.01,7.7852,7.869264,0.084064,15.654464,2.134292,0.454318,0,1,0.0,1,HIGH
5966.014,5093.19,1308.89,2817.72,267.71,723.62,455.91,495.66,7.7225,7.5119,0.2106,15.2344,6.405795,4548.447248,0,1,0.0,0,SAFE
0.0536,0.0368,0.0386,0.0056,209.21,207.68,1.5331,208.44,7.78,7.908469,0.128469,15.688469,0.085,0.378127,0,0,0.0,1,CRITICAL
12353.0274,2640.65,5540.88,10720.21,261.47,248.46,13.01,254.97,7.7392,7.7701,0.0309,15.5093,4.845123,8823.263545,1,1,0.0,0,SAFE
140.6877,59.9609,121.3495,38.3672,1031.44,1036.43,4.9867,1033.93,7.3325,7.055769,0.276731,14.388269,10.010061,89.757288,0,1,0.0,0,SAFE
126.1895,2.9819,57.4666,112.3053,263.03,258.52,4.5067,260.78,7.7392,7.925458,0.186258,15.664658,4.919682,87.767109,1,1,0.0,0,SAFE
1061.0377,413.5865,944.8918,248.8506,200.97,196.77,4.2025,198.87,7.7996,7.901784,0.102184,15.701384,4.151587,1057.009407,1,1,0.0,0,SAFE
0.0383,0.0278,0.0245,0.0095,246.34,241.71,4.6344,244.02,7.7777,7.338001,0.439699,15.115701,4.70539,0.035735,1,1,0.0,1,CRITICAL
12224.1736,55.92,10840.51,5648.95,836.4,937.31,100.91,886.86,7.4297,7.4102,0.0195,14.8399,16.370256,5847.407872,1,1,0.0,0,SAFE
12300.0141,6574.39,2621.64,10059.56,353.0,211.1,141.9,282.05,7.7124,7.7935,0.0811,15.5059,5.241407,8780.002864,1,1,0.0,0,SAFE
1.279,0.9019,0.6938,0.5841,264.55,264.12,0.4326,264.33,7.7436,8.157133,0.413533,15.900733,4.965752,1.11258,1,1,0.0,1,MEDIUM
678.8626,135.396,367.0611,554.7868,360.93,361.7,0.7666,361.31,7.67,7.615571,0.054429,15.285571,3.192602,621.179102,0,1,0.0,0,SAFE
2507.3992,973.91,2291.08,299.17,377.77,172.96,204.81,275.37,7.6873,7.8038,0.1165,15.4911,5.19926,2257.994888,1,1,0.0,0,SAFE
43.9964,33.7598,6.2726,27.5067,793.62,792.98,0.6368,793.3,7.4364,7.560029,0.123629,14.996429,14.217348,21.283375,1,1,0.0,0,LOW
0.6843,0.5636,0.3408,0.1856,833.25,830.96,2.2866,832.11,7.4688,7.776316,0.307516,15.245116,7.597111,0.501272,0,1,0.0,1,HIGH
14205.0267,2376.49,6427.31,12442.86,985.03,548.9,436.13,766.96,7.3441,7.598,0.2539,14.9421,14.048398,5918.031311,1,1,0.0,0,SAFE
7162.9195,6348.5,1253.77,3071.16,307.0,933.7,626.7,620.35,7.7174,7.3773,0.3401,15.0947,11.503665,4125.467913,1,1,0.0,0,SAFE
3.4385,1.4432,2.0395,2.3624,255.83,259.49,3.6559,257.66,7.7437,8.181122,0.437422,15.924822,2.470436,3.873726,0,1,0.0,1,MEDIUM
9267.0783,2349.77,5896.55,6751.89,387.75,1104.4,716.65,746.08,7.6703,7.3132,0.3571,14.9835,14.289348,4243.778769,1,1,0.0,0,SAFE
13386.6811,2464.38,4002.14,12534.47,1065.67,229.09,836.58,647.38,7.3112,7.766,0.4548,15.0772,12.677303,5551.136983,1,1,0.0,0,SAFE
5757.6436,2513.08,3221.59,4056.63,591.66,182.86,408.8,387.26,7.5597,7.8017,0.242,15.3614,7.046582,3805.257995,1,1,0.0,0,SAFE
7088.311,1573.0893,6129.0751,3194.3671,192.39,187.68,4.7082,190.04,7.8155,7.823874,0.008374,15.639374,2.079967,9543.623404,0,1,0.0,0,SAFE
3639.0014,1646.5,2431.02,2149.77,224.3,155.31,68.99,189.81,7.7676,7.8136,0.046,15.5812,0.085,23102.84117,0,0,0.0,0,SAFE
10877.6429,9831.86,3428.37,3147.05,361.95,1000.47,638.52,681.21,7.6946,7.3453,0.3493,15.0399,12.726064,6138.217325,1,1,0.0,0,SAFE
43.2645,19.5008,6.9362,37.9924,263.92,266.83,2.9132,265.38,7.7606,8.000083,0.239483,15.760683,4.97933,30.219225,1,1,0.0,0,LOW
307.2769,290.2025,97.0891,27.8438,854.19,854.2,0.0134,854.2,7.4107,7.063479,0.347221,14.474179,7.83628,225.775369,0,1,0.0,0,SAFE
8446.713,7822.24,1444.76,2841.16,318.11,260.57,57.54,289.34,7.7255,7.742,0.0165,15.4675,2.887042,9921.079656,0,1,0.0,0,SAFE
10513.1167,4832.97,7519.19,5534.42,179.24,413.36,234.12,296.3,7.8146,7.6689,0.1457,15.4835,5.506272,8495.569161,1,1,0.0,0,SAFE
4155.0208,3219.04,1126.33,2373.47,181.65,415.8,234.15,298.73,7.815,7.661,0.154,15.476,3.606931,4080.999985,0,1,0.0,0,SAFE
0.0533,0.035,0.031,0.0256,188.2,184.69,3.5076,186.45,7.7981,7.945881,0.147781,15.743981,4.005297,0.051251,1,1,0.0,1,CRITICAL
5803.8601,755.044,5077.6279,2707.8395,772.06,772.21,0.1539,772.14,7.4607,7.273524,0.187176,14.734224,0.085,38478.07097,0,0,0.0,0,SAFE
144.9297,99.2118,4.6888,105.5445,401.93,400.09,1.8395,401.01,7.6893,8.088719,0.399419,15.778019,6.900473,95.525494,1,1,0.0,0,SAFE
2.4708,2.2748,0.1525,0.9522,1195.17,1199.67,4.5028,1197.42,7.2466,6.968422,0.278178,14.215022,24.490578,0.985893,1,1,0.0,1,MEDIUM
7224.239,814.6091,6932.4413,1862.0683,295.55,292.59,2.9621,294.07,7.7233,8.117167,0.393867,15.840467,2.732324,8842.072658,0,1,0.0,0,SAFE
155.8247,49.4515,81.6162,123.1855,461.53,461.16,0.3702,461.34,7.6319,7.143833,0.488067,14.775733,3.971795,130.235299,0,1,0.0,0,SAFE
9705.4091,9121.96,2751.31,1848.0,203.04,319.22,116.18,261.13,7.8076,7.7046,0.103,15.5122,2.894766,11640.808333,0,1,0.0,0,SAFE
7646.1623,537.7341,1223.9023,7528.3931,857.25,860.0,2.7548,858.63,7.4213,7.723354,0.302054,15.144654,7.871542,3816.447463,0,1,0.0,0,SAFE
1397.1562,252.4765,919.4393,1021.2406,232.95,232.82,0.128,232.89,7.7689,8.021569,0.252669,15.790469,2.325667,1583.794432,0,1,0.0,0,SAFE
7884.57,3095.5822,6823.3424,2454.7534,407.74,405.47,2.2668,406.61,7.6691,7.180689,0.488411,14.849789,3.544466,8398.022843,0,1,0.0,0,SAFE
8007.4012,4141.84,1968.78,6564.11,211.05,976.12,765.07,593.59,7.788,7.3386,0.4494,15.1266,11.40922,3868.802801,1,1,0.0,0,SAFE
12318.621,4214.35,10485.29,4903.71,186.89,572.29,385.4,379.59,7.8017,7.5846,0.2171,15.3863,4.929175,10923.420565,0,1,0.0,0,SAFE
1680.8893,248.2422,200.0148,1650.3814,726.44,725.64,0.7975,726.04,7.507,7.220192,0.286808,14.727192,6.435159,930.921586,0,1,0.0,0,SAFE
10962.6213,9927.1,3332.86,3244.04,354.62,256.32,98.3,305.47,7.6898,7.7438,0.054,15.4336,5.53518,9369.436367,1,1,0.0,0,SAFE
0.9854,0.1603,0.4585,0.8574,385.59,384.72,0.8733,385.15,7.6681,7.949117,0.281017,15.617217,6.659722,0.599203,1,1,0.0,1,HIGH
438.18,239.6125,34.9163,365.1964,398.52,400.53,2.0087,399.52,7.6621,8.015951,0.353851,15.678051,3.473687,379.813993,0,1,0.0,0,SAFE
1942.1101,1174.2163,60.2936,1545.7594,835.28,831.78,3.5045,833.53,7.4701,7.586252,0.116152,15.056352,15.115545,829.020693,1,1,0.0,0,SAFE
3250.652,2974.247,762.7738,1067.1315,182.19,184.58,2.39,183.38,7.7931,7.597617,0.195483,15.390717,0.085,22286.867042,0,0,0.0,0,SAFE
13359.1104,10912.97,298.2,7699.61,934.87,248.38,686.49,591.62,7.3654,7.763,0.3976,15.1284,11.130429,7454.442837,1,1,0.0,0,SAFE
13476.2256,2814.54,10043.32,8533.39,482.27,309.9,172.37,396.08,7.6082,7.7051,0.0969,15.3133,6.888368,9332.168984,1,1,0.0,0,SAFE
9629.0129,1478.52,3481.78,8854.89,298.71,262.46,36.25,280.58,7.7042,7.7494,0.0452,15.4536,2.513217,9117.450584,0,1,0.0,0,SAFE
6732.9296,955.6637,5728.9053,3405.6852,969.83,966.16,3.67,967.99,7.3442,6.858953,0.485247,14.203153,18.317608,3003.802502,1,1,0.0,0,SAFE
0.8221,0.0034,0.2579,0.7806,297.67,296.67,0.9982,297.17,7.711,7.375825,0.335175,15.086825,5.401594,0.515181,1,1,0.0,1,HIGH
2.6617,0.9395,2.4164,0.6027,248.36,244.81,3.5478,246.59,7.7516,7.557148,0.194452,15.308748,2.422681,3.474826,0,1,0.0,1,MEDIUM
2767.8956,1124.27,671.66,2438.47,290.3,263.89,26.41,277.1,7.7384,7.7477,0.0093,15.4861,5.134434,1899.256839,1,1,0.0,0,SAFE
0.2086,0.045,0.2033,0.0114,1048.6,1051.69,3.0912,1050.15,7.3306,7.17314,0.15746,14.50374,10.234688,0.134287,0,1,0.0,1,HIGH
7.3538,6.1575,3.7938,1.331,181.75,181.42,0.3329,181.58,7.8261,7.824673,0.001427,15.650773,2.017828,10.574918,0,1,0.0,0,LOW
12408.5909,1975.9,5089.8,11142.84,181.91,1048.43,866.52,615.17,7.7919,7.3063,0.4856,15.0982,12.166206,5448.919268,1,1,0.0,0,SAFE
13389.1926,4670.05,2491.39,12298.54,1065.52,324.11,741.41,694.82,7.3141,7.6935,0.3794,15.0076,13.302543,5516.171989,1,1,0.0,0,SAFE
2973.0433,2802.47,460.47,879.27,204.22,260.06,55.84,232.14,7.7897,7.7425,0.0472,15.5322,4.562872,2798.722374,1,1,0.0,0,SAFE
280.5116,153.8695,97.791,213.1851,284.16,285.92,1.7617,285.04,7.7674,8.266809,0.499409,16.034209,5.238464,208.217592,1,1,0.0,0,SAFE
12067.2809,1883.58,4422.36,11068.61,218.87,322.09,103.22,270.48,7.7695,7.6902,0.0793,15.4597,2.914786,10634.044179,0,1,0.0,0,SAFE
13041.6844,1222.64,10446.35,7711.32,218.7,177.85,40.85,198.27,7.7697,7.7948,0.0251,15.5645,1.995293,17085.60048,0,1,0.0,0,SAFE
1556.5604,1033.7701,302.5909,1123.6718,782.68,783.1,0.4213,782.89,7.4774,7.413833,0.063567,14.891233,13.989372,723.166143,1,1,0.0,0,SAFE
10410.8906,9084.08,5069.01,413.85,184.06,227.98,43.92,206.02,7.8042,7.7728,0.0314,15.577,0.085,73583.793269,0,0,0.0,0,SAFE
13460.1196,8288.67,9565.0,4580.78,287.05,1116.37,829.32,701.71,7.7401,7.309,0.4311,15.0491,13.736424,7242.101954,1,1,0.0,0,SAFE
10980.1053,2640.1,5914.2,8866.5,192.6,255.72,63.12,224.16,7.8183,7.7368,0.0815,15.5551,2.469729,11502.66726,0,1,0.0,0,SAFE
12490.3476,404.81,12478.78,353.5,226.34,957.85,731.51,592.1,7.7598,7.3764,0.3834,15.1362,9.075138,8545.662101,0,1,0.0,0,SAFE
0.0718,0.0208,0.0681,0.0085,174.33,177.56,3.2288,175.94,7.8027,8.235798,0.433098,16.038498,3.883679,0.074771,1,1,0.0,1,CRITICAL
0.021,0.0206,0.0006,0.0044,256.15,258.06,1.9095,257.1,7.7467,8.121118,0.374418,15.867818,2.472492,0.027237,0,1,0.0,1,CRITICAL
3245.4809,1174.1018,2525.9595,1665.581,247.19,242.68,4.514,244.93,7.7651,7.861893,0.096793,15.626993,4.716907,2846.378415,1,1,0.0,0,SAFE
0.7913,0.5455,0.4162,0.3942,231.0,234.32,3.3246,232.66,7.7734,8.042727,0.269327,15.816127,2.334239,0.99136,0,1,0.0,1,HIGH
10003.3014,3738.94,8976.98,2345.25,181.93,622.67,440.74,402.3,7.7915,7.5688,0.2227,15.3603,7.33302,7498.288101,1,1,0.0,0,SAFE
6632.2077,1393.2285,971.6626,6411.0035,187.36,186.55,0.8078,186.96,7.7955,7.507146,0.288354,15.302646,0.085,32521.000761,0,0,0.0,0,SAFE
2949.2464,532.89,2894.09,195.77,860.01,876.16,16.15,868.09,7.4253,7.4129,0.0124,14.8382,15.909635,1522.450597,1,1,0.0,0,SAFE
41.4204,12.4487,23.9964,31.3823,1156.36,1154.88,1.4751,1155.62,7.2877,6.802624,0.485076,14.090324,11.702496,20.600179,0,1,0.0,0,LOW
10255.1022,1029.8,7712.94,6679.61,196.84,1050.97,854.13,623.9,7.7792,7.3359,0.4433,15.1151,10.265909,5768.583834,0,1,0.0,0,SAFE
5497.7426,4059.84,3664.36,561.55,307.71,249.34,58.37,278.52,7.7215,7.7651,0.0436,15.4866,5.1591,4975.418601,1,1,0.0,0,SAFE
1579.5087,1179.89,854.72,610.05,897.06,421.99,475.07,659.52,7.4257,7.6267,0.201,15.0524,3.655279,1631.063701,0,1,0.0,0,SAFE
7666.653,2293.68,2519.66,6867.89,240.15,195.24,44.91,217.69,7.747,7.816,0.069,15.563,4.382518,5620.34064,1,1,0.0,0,SAFE
694.5975,215.6988,107.594,651.4317,315.64,317.0,1.3576,316.32,7.7499,7.334476,0.415424,15.084376,5.664203,430.246147,1,1,0.0,0,SAFE
4818.1848,1133.44,4635.07,668.09,200.04,727.48,527.44,463.76,7.811,7.5059,0.3051,15.3169,8.486243,3391.472088,1,1,0.0,0,SAFE
6449.9118,778.24,6301.88,1132.26,434.9,340.99,93.91,387.94,7.6537,7.74,0.0863,15.3937,6.720534,5085.065038,1,1,0.0,0,SAFE
357.9886,24.7746,167.877,315.2132,279.22,282.9,3.6848,281.06,7.7292,7.389505,0.339695,15.118705,2.623031,343.81418,0,1,0.0,0,SAFE
11341.218,7940.36,691.65,8068.18,333.42,655.29,321.87,494.36,7.6937,7.5042,0.1895,15.1979,2.994503,11455.308742,0,1,0.0,0,SAFE
49.7591,34.5587,34.9027,7.9665,204.66,205.73,1.0715,205.2,7.7872,7.5639,0.2233,15.3511,2.159242,69.310911,0,1,0.0,0,LOW
11387.7289,4863.13,3225.62,9778.84,587.25,924.62,337.37,755.93,7.5501,7.3877,0.1624,14.9378,13.649533,4882.275512,1,1,0.0,0,SAFE
12.1735,7.9302,1.7855,9.0619,313.35,310.19,3.1607,311.77,7.7255,7.497611,0.227889,15.223111,5.601266,8.821994,1,1,0.0,0,LOW
9398.7143,119.41,7576.57,5560.32,376.03,189.08,186.95,282.56,7.6891,7.7967,0.1076,15.4858,5.279604,7568.514143,1,1,0.0,0,SAFE
8386.6099,5233.22,5570.89,3451.64,251.8,174.11,77.69,212.96,7.7626,7.8339,0.0713,15.5965,4.333417,7905.056273,1,1,0.0,0,SAFE
8235.1521,4137.71,7111.56,350.43,288.41,190.16,98.25,239.29,7.7381,7.8155,0.0774,15.5536,4.666122,7855.42116,1,1,0.0,0,SAFE
4822.8137,2593.69,556.72,4027.7,205.92,423.27,217.35,314.59,7.792,7.6203,0.1717,15.4123,5.74069,3247.69886,1,1,0.0,0,SAFE
387.2229,3.7979,243.3019,301.2164,903.91,901.88,2.0299,902.9,7.3769,7.129595,0.247305,14.506495,16.728982,159.018704,1,1,0.0,0,SAFE
12751.1902,7458.35,9225.06,4675.91,191.65,265.12,73.47,228.38,7.825,7.7431,0.0819,15.5681,4.5211,11892.218193,1,1,0.0,0,SAFE
1397.7219,1150.3366,508.077,610.0902,218.93,215.29,3.6405,217.11,7.7787,8.09104,0.31234,15.86974,4.371122,1303.241642,1,1,0.0,0,SAFE
2025.6926,1007.6,1472.99,958.37,344.07,342.47,1.6,343.27,7.6862,7.7163,0.0301,15.4025,6.044392,1589.486673,1,1,0.0,0,SAFE
4210.6372,3957.49,907.13,1115.73,360.75,209.24,151.51,285.0,7.7217,7.7768,0.0551,15.4985,3.191285,4763.426366,0,1,0.0,0,SAFE
26.8721,13.8635,14.7094,17.7072,247.06,248.13,1.0721,247.6,7.7615,7.80812,0.04662,15.56962,2.414419,31.056019,0,1,0.0,0,LOW
2.1491,0.9657,0.4761,1.8599,903.38,907.6,4.2237,905.49,7.3915,7.286444,0.105056,14.677944,8.412771,1.167197,0,1,0.0,1,MEDIUM
74.9678,28.9849,58.0188,37.6012,203.6,202.35,1.2491,202.98,7.7988,7.631786,0.167014,15.430586,2.146475,97.839865,0,1,0.0,0,SAFE
2.952,2.7001,0.5776,1.0441,190.71,191.42,0.7087,191.06,7.7889,7.55405,0.23485,15.34295,2.074254,4.075999,0,1,0.0,1,MEDIUM
1819.2637,273.9016,746.211,1636.4191,176.58,174.03,2.5541,175.3,7.8012,8.10683,0.30563,15.90803,1.987982,1973.623744,0,1,0.0,0,SAFE
47.4167,2.1959,0.0593,47.3657,218.08,219.77,1.6937,218.93,7.7821,7.283192,0.498908,15.065292,0.085,223.823866,0,0,0.0,0,LOW
9189.2169,9142.58,489.53,784.41,759.18,228.96,530.22,494.07,7.4988,7.772,0.2732,15.2708,8.996897,6302.97761,1,1,0.0,0,SAFE
12112.8694,3520.89,5284.01,10315.24,287.26,222.78,64.48,255.02,7.735,7.7903,0.0553,15.5253,4.854304,8757.966516,1,1,0.0,0,SAFE
0.6845,0.4593,0.488,0.1393,247.06,246.98,0.0774,247.02,7.7645,7.95486,0.19036,15.71936,2.414419,0.897618,0,1,0.0,1,HIGH
0.3743,0.2911,0.1796,0.1519,266.55,271.31,4.7644,268.93,7.7313,8.178446,0.447146,15.909746,2.539795,0.461491,0,1,0.0,1,HIGH
9199.2461,2637.03,2778.95,8363.59,363.95,400.51,36.56,382.23,7.6889,7.6705,0.0184,15.3594,6.618643,5420.97921,1,1,0.0,0,SAFE
390.6643,258.6885,292.5377,10.9791,232.22,227.35,4.8746,229.78,7.7559,7.397796,0.358104,15.153696,2.290883,531.987434,0,1,0.0,0,SAFE
496.4013,55.9884,314.9146,379.616,331.89,329.64,2.2458,330.77,7.6976,7.867251,0.169651,15.564851,2.983674,486.783066,0,1,0.0,0,SAFE
12743.9725,11981.78,4095.86,1438.65,952.14,270.07,682.07,611.11,7.3558,7.7482,0.3924,15.104,11.482303,7725.77283,1,1,0.0,0,SAFE
2024.9168,98.8321,1969.0182,462.0471,134.72,136.07,1.3499,135.39,7.8302,8.190369,0.360169,16.020569,1.754695,3105.467528,0,1,0.0,0,SAFE
4.1624,2.4958,3.2475,0.7423,500.71,502.67,1.9647,501.69,7.6185,7.833236,0.214736,15.451736,4.298537,4.102141,0,1,0.0,1,MEDIUM
2420.7018,183.6995,2183.3387,1029.1179,832.8,829.09,3.7068,830.95,7.4414,7.47009,0.02869,14.91149,7.592012,1717.828148,0,1,0.0,0,SAFE
0.0527,0.018,0.0387,0.031,254.04,254.67,0.6308,254.36,7.7546,7.453966,0.300634,15.208566,4.836943,0.044438,1,1,0.0,1,CRITICAL
5860.9382,5044.9655,2151.6072,2066.2784,673.19,673.35,0.1566,673.27,7.5131,7.960133,0.447033,15.473233,11.700747,3408.142352,1,1,0.0,0,SAFE
9994.0293,2202.49,5085.24,8316.85,325.41,614.22,288.81,469.82,7.6915,7.5638,0.1277,15.2553,8.171848,5653.342773,1,1,0.0,0,SAFE
11618.4001,2189.67,1859.72,11257.62,697.92,915.48,217.56,806.7,7.5187,7.3872,0.1315,14.9059,14.614033,4333.677207,1,1,0.0,0,SAFE
7596.1745,4318.8645,634.3123,6216.6651,960.33,956.47,3.8648,958.4,7.3534,6.861656,0.491744,14.215056,18.078882,2918.441256,1,1,0.0,0,SAFE
43.996,39.648,16.9555,8.729,288.8,287.46,1.3425,288.13,7.7152,8.09409,0.37889,15.80929,0.085,307.678195,0,0,0.0,0,LOW
9531.4886,6199.69,5790.12,4345.99,387.55,301.7,85.85,344.62,7.6811,7.6935,0.0124,15.3746,6.079489,7494.980315,1,1,0.0,0,SAFE
0.8561,0.1923,0.5447,0.6318,326.88,324.72,2.163,325.8,7.6921,8.045816,0.353716,15.737916,2.933172,0.860574,0,1,0.0,1,HIGH
0.9184,0.4164,0.2315,0.7852,299.57,302.5,2.9259,301.03,7.7506,7.323091,0.427509,15.073691,5.454075,0.62481,1,1,0.0,1,HIGH
9953.1119,8533.59,4913.62,1448.66,233.99,332.23,98.24,283.11,7.7843,7.7105,0.0738,15.4948,5.233229,8916.567094,1,1,0.0,0,SAFE
14144.5828,2148.66,9419.46,10330.84,994.22,1065.86,71.64,1030.04,7.3468,7.3196,0.0272,14.6664,19.909597,5481.871725,1,1,0.0,0,SAFE
13099.6561,9979.52,5800.22,6194.16,688.54,231.37,457.17,459.95,7.5141,7.7631,0.249,15.2772,8.277,8784.493773,1,1,0.0,0,SAFE
2.0215,0.2856,1.8356,0.7972,1032.23,1033.02,0.7853,1032.62,7.3395,6.849071,0.490429,14.188571,10.020347,1.258384,0,1,0.0,1,MEDIUM
8014.1161,7160.6563,3576.6944,397.889,269.52,266.04,3.4838,267.78,7.7341,8.214719,0.480619,15.948819,2.536449,10366.674888,0,1,0.0,0,SAFE
875.3629,359.4352,713.9985,356.753,581.89,584.65,2.7582,583.27,7.5707,8.049447,0.478747,15.620147,5.017065,767.59961,0,1,0.0,0,SAFE
6229.5064,6069.7239,1315.6137,484.1092,243.04,247.8,4.7612,245.42,7.7696,7.415409,0.354191,15.185009,2.419128,8243.067836,0,1,0.0,0,SAFE
4.7002,2.1015,1.8627,3.7691,264.91,266.0,1.0903,265.46,7.7551,8.204252,0.449152,15.959352,4.980336,3.480993,1,1,0.0,1,MEDIUM
7442.5484,2744.1219,5582.3797,4086.3626,201.66,199.37,2.2933,200.51,7.8077,7.362389,0.445311,15.170089,2.134889,9581.342262,0,1,0.0,0,SAFE
7353.632,244.19,6620.83,3190.75,228.97,314.94,85.97,271.95,7.7621,7.7285,0.0336,15.4906,0.085,49203.585577,0,0,0.0,0,SAFE
495.2853,299.7682,345.9615,189.0957,425.32,428.61,3.2855,426.96,7.6747,7.379208,0.295492,15.053908,7.303732,362.192851,1,1,0.0,0,SAFE
14740.5906,381.62,1038.5,14699.01,1058.59,1025.46,33.13,1042.03,7.3201,7.3637,0.0436,14.6838,20.213982,4521.848122,1,1,0.0,0,SAFE
13918.919,1084.09,5383.69,12789.72,1055.35,151.62,903.73,603.48,7.3247,7.8147,0.49,15.1394,10.323733,6507.285053,0,1,0.0,0,SAFE
0.0407,0.0295,0.0036,0.0277,290.25,293.6,3.3503,291.93,7.7348,7.273013,0.461787,15.007813,5.33076,0.031287,1,1,0.0,1,CRITICAL
3.171,0.891,3.0321,0.2602,196.94,199.64,2.6963,198.29,7.7926,7.377261,0.415339,15.169861,0.085,22.380521,0,0,0.0,1,MEDIUM
25.0681,22.9393,6.7714,7.5066,789.92,789.88,0.0376,789.9,7.4688,7.82189,0.35309,15.29069,14.142684,13.395367,1,1,0.0,0,LOW
3.7401,2.29,2.3893,1.7423,211.71,213.09,1.3763,212.4,7.7841,8.01609,0.23199,15.80019,2.203591,4.870948,0,1,0.0,1,MEDIUM
413.762,310.9919,198.7505,187.0329,445.33,448.65,3.3196,446.99,7.6399,7.488596,0.151304,15.128496,7.622736,290.887309,1,1,0.0,0,SAFE
11946.5782,719.92,5504.4,10578.47,882.45,659.08,223.37,770.77,7.4193,7.526,0.1067,14.9453,13.832196,4974.925603,1,1,0.0,0,SAFE
0.0976,0.055,0.0791,0.0157,498.81,500.71,1.9027,499.76,7.6206,7.775102,0.154502,15.395702,4.282391,0.096487,0,1,0.0,1,CRITICAL
0.5023,0.4446,0.1466,0.1821,168.41,170.19,1.7768,169.3,7.8139,8.074111,0.260211,15.888011,3.80767,0.510973,1,1,0.0,1,HIGH
12927.3822,6703.43,9229.06,6083.23,166.63,188.0,21.37,177.31,7.8097,7.7958,0.0139,15.6055,2.054212,17413.149611,0,1,0.0,0,SAFE
1547.6506,847.8518,476.2523,1203.974,193.94,188.95,4.992,191.44,7.8007,8.110106,0.309406,15.910806,2.089099,1798.46458,0,1,0.0,0,SAFE
1.5029,1.0642,0.1402,1.0519,292.03,292.5,0.4722,292.27,7.7253,7.443921,0.281379,15.169221,2.708574,1.606131,0,1,0.0,1,MEDIUM
4.6247,0.8872,3.3545,3.0575,237.05,236.68,0.3719,236.86,7.7737,7.495412,0.278288,15.269112,4.615234,3.861768,1,1,0.0,1,MEDIUM
5351.6776,2725.7,3889.68,2466.05,217.09,176.13,40.96,196.61,7.7762,7.8195,0.0433,15.5957,1.985395,7353.667244,0,1,0.0,0,SAFE
24.9828,13.5079,9.7884,18.5975,219.91,216.51,3.4011,218.21,7.7707,8.120567,0.349867,15.891267,0.085,146.968369,0,0,0.0,0,LOW
0.0117,0.004,0.0003,0.011,348.08,348.37,0.29,348.23,7.7033,7.998911,0.295611,15.702211,6.115628,0.006969,1,1,0.0,1,CRITICAL
23.3251,8.8754,20.7991,5.7174,454.74,454.4,0.3374,454.57,7.6425,7.266377,0.376123,14.908877,7.745254,16.987462,1,1,0.0,0,LOW
11567.7171,5473.61,1431.37,10089.74,211.33,915.97,704.64,563.65,7.7651,7.386,0.3791,15.1511,8.563627,6191.968278,0,1,0.0,0,SAFE
3281.0876,1648.5973,2604.3967,1124.6245,164.49,161.07,3.4202,162.78,7.8092,7.96143,0.15223,15.77063,1.919075,4720.735696,0,1,0.0,0,SAFE
9754.2406,9622.53,1596.46,58.66,235.28,216.15,19.13,225.72,7.7628,7.7751,0.0123,15.5379,2.340206,13144.877136,0,1,0.0,0,SAFE
9.0324,4.2337,3.5032,7.1685,128.53,128.38,0.1487,128.46,7.8435,8.321002,0.477502,16.164502,3.35713,8.193955,1,1,0.0,0,LOW
7391.9869,3495.3,5029.53,4138.62,930.31,354.24,576.07,642.27,7.3687,7.6745,0.3058,15.0432,11.795929,4032.189454,1,1,0.0,0,SAFE
6225.5124,105.09,4168.57,4622.66,207.1,138.74,68.36,172.92,7.8021,7.848,0.0459,15.6501,3.858912,5441.515502,1,1,0.0,0,SAFE
3731.6569,309.1663,3628.3292,815.4182,518.65,516.51,2.1391,517.58,7.6246,7.427303,0.197297,15.051903,8.801504,2558.466444,1,1,0.0,0,SAFE
7054.3394,2384.88,2024.57,6322.75,165.28,971.98,806.7,568.63,7.8023,7.3401,0.4622,15.1424,9.251082,3557.884482,0,1,0.0,0,SAFE
49.3525,0.7819,38.5087,30.8568,257.27,252.84,4.4251,255.06,7.7736,7.414966,0.358634,15.188566,4.845992,40.892606,1,1,0.0,0,LOW
5904.8447,5464.2386,2039.1831,922.5073,393.7,393.79,0.0868,393.74,7.6657,7.296883,0.368817,14.962583,3.436974,6521.541216,0,1,0.0,0,SAFE
12984.9943,6501.08,6474.16,9188.65,168.36,580.53,412.17,374.44,7.8147,7.5723,0.2424,15.387,5.004567,10166.309075,0,1,0.0,0,SAFE
2.6782,2.4487,0.888,0.6227,1005.49,1007.29,1.8008,1006.39,7.3485,7.504551,0.156051,14.853051,19.288309,1.238123,1,1,0.0,1,MEDIUM
0.0359,0.0129,0.0195,0.0273,420.96,424.34,3.3809,422.65,7.6288,8.032719,0.403919,15.661519,3.647211,0.031951,0,1,0.0,1,CRITICAL
0.0409,0.0084,0.0337,0.0216,228.52,228.24,0.2776,228.38,7.79,7.381399,0.408601,15.171399,4.509583,0.036478,1,1,0.0,1,CRITICAL
0.0981,0.0239,0.0951,0.0004,254.68,251.67,3.0142,253.17,7.7571,7.624616,0.132484,15.381716,2.463053,0.128822,0,1,0.0,1,CRITICAL
478.1104,405.6211,191.6338,165.3407,1021.74,1016.79,4.9545,1019.26,7.3511,7.001482,0.349618,14.352582,9.884194,302.916618,0,1,0.0,0,SAFE
25.1547,24.8073,2.5379,3.3042,363.48,361.57,1.9131,362.52,7.6753,7.225821,0.449479,14.901121,6.323554,20.523052,1,1,0.0,0,LOW
0.6137,0.2603,0.3832,0.4024,255.84,259.79,3.9458,257.81,7.776,8.065771,0.289771,15.841771,4.881416,0.499528,1,1,0.0,1,HIGH
0.457,0.0084,0.3193,0.3269,387.44,386.99,0.4505,387.21,7.6806,7.974883,0.294283,15.655483,6.690775,0.308188,1,1,0.0,1,HIGH
10946.5164,10685.55,1388.92,1927.73,186.79,230.8,44.01,208.8,7.7989,7.7733,0.0256,15.5722,2.312292,14712.117341,0,1,0.0,0,SAFE
1416.7202,939.2426,893.2491,571.8616,213.94,212.37,1.5747,213.15,7.769,7.75438,0.01462,15.52338,0.085,9553.573446,0,0,0.0,0,SAFE
0.3704,0.0546,0.2369,0.2795,601.2,603.48,2.2751,602.34,7.5737,7.843338,0.269638,15.417038,5.196226,0.277009,0,1,0.0,1,HIGH
38.6468,0.3204,34.5147,17.3842,905.98,902.35,3.6312,904.16,7.4021,7.112957,0.289143,14.515057,8.443814,25.831201,0,1,0.0,0,LOW
12893.371,1044.14,3028.93,12488.97,335.1,288.82,46.28,311.96,7.6924,7.7343,0.0419,15.4267,5.608423,7765.939768,1,1,0.0,0,SAFE
8150.5809,5493.26,2595.73,5433.07,300.46,594.47,294.01,447.47,7.7199,7.5539,0.166,15.2738,7.814053,5216.561089,1,1,0.0,0,SAFE
7905.4112,3221.88,5734.28,4385.55,172.53,258.01,85.48,215.27,7.8133,7.7629,0.0504,15.5762,2.484461,9414.282479,0,1,0.0,0,SAFE
8751.5472,3294.95,4049.27,7023.98,356.69,160.05,196.64,258.37,7.691,7.8193,0.1283,15.5103,3.16165,8130.815738,0,1,0.0,0,SAFE
9765.3631,8241.0,13.07,5239.09,186.42,273.37,86.95,229.89,7.8024,7.7608,0.0416,15.5632,4.544413,8655.818507,1,1,0.0,0,SAFE
5132.8394,4759.06,128.81,1918.54,263.82,269.52,5.7,266.67,7.7561,7.7414,0.0147,15.4975,4.996224,4546.602377,1,1,0.0,0,SAFE
25.1387,12.7512,3.562,21.3699,376.91,372.92,3.9887,374.92,7.7055,7.773915,0.068415,15.479415,3.310627,22.03573,0,1,0.0,0,LOW
0.9543,0.0077,0.8085,0.507,152.34,152.97,0.6343,152.66,7.8194,7.980669,0.161269,15.800069,1.851077,1.327867,0,1,0.0,1,HIGH
10403.9329,2545.81,4601.42,8977.06,222.61,286.7,64.09,254.66,7.779,7.7135,0.0655,15.4925,2.672812,10046.104747,0,1,0.0,0,SAFE
4699.821,2702.0,1328.62,3608.64,346.18,168.54,177.64,257.36,7.7222,7.8123,0.0901,15.5345,4.942607,3573.830843,1,1,0.0,0,SAFE
12069.2747,6684.78,2207.24,9803.53,698.91,236.75,462.16,467.83,7.5302,7.766,0.2358,15.2962,8.415789,6826.298544,1,1,0.0,0,SAFE
1.4807,0.9399,0.8802,0.731,198.98,198.07,0.9082,198.53,7.7746,7.478417,0.296183,15.253017,0.085,9.735753,0,0,0.0,1,MEDIUM
41.9816,26.512,30.8904,10.2642,198.24,194.5,3.7365,196.37,7.7951,7.535252,0.259848,15.330352,2.114541,58.521034,0,1,0.0,0,LOW
3450.5371,2437.9,2388.25,509.03,1060.91,282.97,777.94,671.94,7.3235,7.7111,0.3876,15.0346,10.39737,2192.693914,0,1,0.0,0,SAFE
0.0516,0.0137,0.0489,0.009,156.44,154.4,2.0378,155.42,7.8165,8.211855,0.395355,16.028355,1.873882,0.076995,0,1,0.0,1,CRITICAL
112.8194,94.7357,1.0238,61.2561,572.71,576.32,3.6089,574.51,7.558,7.247833,0.310167,14.805833,4.933004,95.759729,0,1,0.0,0,SAFE
283.3387,117.8732,136.4712,218.546,233.55,230.02,3.5322,231.78,7.7665,8.025421,0.258921,15.791921,2.329406,313.145185,0,1,0.0,0,SAFE
1117.7639,956.0907,113.2373,567.8591,752.02,754.21,2.186,753.11,7.4915,7.065883,0.425617,14.557383,13.347494,583.763738,1,1,0.0,0,SAFE
5898.0571,4860.2334,3270.2031,686.28,332.89,328.7,4.1861,330.8,7.6974,7.429558,0.267842,15.126958,5.866938,5001.015794,1,1,0.0,0,SAFE
0.081,0.0442,0.0571,0.0367,252.7,250.98,1.7181,251.84,7.7616,8.087942,0.326342,15.849542,2.450368,0.100415,0,1,0.0,1,CRITICAL
1821.6295,1184.411,1276.3021,535.3107,779.52,783.67,4.1494,781.59,7.4455,7.271268,0.174232,14.716768,7.000479,1384.888209,0,1,0.0,0,SAFE
4.5777,3.7974,0.8083,2.4252,292.1,292.87,0.7668,292.48,7.7107,8.10353,0.39283,15.81423,2.709045,5.267699,0,1,0.0,1,MEDIUM
1429.8573,277.0724,582.3265,1276.1734,841.01,839.39,1.6232,840.2,7.4182,7.486479,0.068279,14.904679,7.685308,793.889043,0,1,0.0,0,SAFE
11894.779,6990.54,2835.25,9196.71,199.0,228.52,29.52,213.76,7.7854,7.758,0.0274,15.5434,2.298151,13219.486753,0,1,0.0,0,SAFE
39.3071,14.0483,21.6285,29.6632,268.19,264.02,4.166,266.11,7.7459,8.018927,0.273027,15.764827,2.550492,41.95254,0,1,0.0,0,LOW
301.6387,151.0336,144.5199,217.4598,284.26,287.54,3.2826,285.9,7.7388,7.820365,0.081565,15.559165,5.24997,228.884556,1,1,0.0,0,SAFE
331.478,133.3643,279.2059,118.8938,192.98,191.69,1.2919,192.33,7.8149,8.2428,0.4279,16.0577,2.08344,456.200935,0,1,0.0,0,SAFE
0.8431,0.4087,0.3626,0.6421,869.08,872.7,3.6188,870.89,7.4217,7.830832,0.409132,15.252532,8.008615,0.505626,0,1,0.0,1,HIGH
10887.5794,475.97,10489.36,2878.57,174.1,1685.89,1511.79,930.0,7.8071,7.0009,0.8062,14.808,20.349489,4878.07102,0,1,0.0,0,SAFE
10441.6948,9299.61,4496.49,1525.72,870.67,245.57,625.1,558.12,7.4197,7.7391,0.3194,15.1588,10.347096,6652.197776,1,1,0.0,0,SAFE
13003.0269,1932.72,2157.95,12676.22,950.33,226.01,724.32,588.17,7.3724,7.8024,0.43,15.1748,11.179827,5508.09243,1,1,0.0,0,SAFE
0.733,0.5132,0.3671,0.373,268.28,264.65,3.6262,266.47,7.7792,7.457837,0.321363,15.237037,4.993536,0.625645,1,1,0.0,1,HIGH
7576.1534,7112.84,2464.75,854.76,294.18,1067.65,773.47,680.92,7.7232,7.3143,0.4089,15.0375,13.125056,4295.874747,1,1,0.0,0,SAFE
11585.297,6619.89,9353.53,1705.18,144.3,1552.19,1407.89,848.25,7.8509,7.1212,0.7297,14.9721,17.941306,5604.609277,0,1,0.0,0,SAFE
6383.9781,4749.51,4173.8,881.32,288.33,270.39,17.94,279.36,7.7355,7.7253,0.0102,15.4608,5.163601,5761.003167,1,1,0.0,0,SAFE
3.8371,2.3424,0.8403,2.9207,278.17,277.48,0.6882,277.83,7.7431,7.283713,0.459387,15.026813,2.616081,4.027445,0,1,0.0,1,MEDIUM
0.7819,0.1464,0.0921,0.7625,733.74,730.58,3.1645,732.16,7.4846,7.010492,0.474108,14.495092,6.511486,0.433812,0,1,0.0,1,HIGH
0.3466,0.1515,0.2929,0.1066,269.88,269.2,0.6773,269.54,7.7295,8.098465,0.368965,15.827965,2.56154,0.434528,0,1,0.0,1,HIGH
11971.1681,5395.72,7911.1,7183.98,826.55,766.97,59.58,796.76,7.4592,7.4837,0.0245,14.9429,14.301029,5836.775838,1,1,0.0,0,SAFE
8199.5887,448.6,7859.52,2293.46,309.78,578.67,268.89,444.22,7.7068,7.5752,0.1316,15.282,7.731909,5945.575922,1,1,0.0,0,SAFE
1541.4583,1456.3582,68.5662,500.4132,392.4,391.44,0.9607,391.92,7.6666,7.999788,0.333188,15.666388,6.761928,1185.740856,1,1,0.0,0,SAFE
1.335,0.136,0.3713,1.2751,899.6,895.03,4.5698,897.32,7.4318,7.754664,0.322864,15.186464,16.596205,0.474422,1,1,0.0,1,MEDIUM
13159.0356,238.47,2926.91,12827.18,311.19,418.72,107.53,364.96,7.7158,7.652,0.0638,15.3678,6.383822,7377.355259,1,1,0.0,0,SAFE
7415.9522,3047.31,2619.2,6232.98,837.17,276.01,561.16,556.59,7.454,7.7191,0.2651,15.1731,7.6416,4310.820933,0,1,0.0,0,SAFE
2928.6535,941.26,709.12,2681.08,181.82,1116.14,934.32,648.98,7.8139,7.3043,0.5096,15.1182,0.085,15138.646997,0,0,0.0,0,SAFE
2.0825,0.7994,1.4433,1.2706,958.33,956.82,1.5101,957.57,7.3467,7.55374,0.20704,14.90044,18.058466,0.899748,1,1,0.0,1,MEDIUM
12192.8133,686.9,6059.67,10558.09,291.76,973.16,681.4,632.46,7.7191,7.343,0.3761,15.0621,11.887608,5568.582758,1,1,0.0,0,SAFE
11094.7175,194.34,2451.5,10818.74,232.47,385.26,152.79,308.87,7.7674,7.6642,0.1032,15.4316,5.61084,6632.049737,1,1,0.0,0,SAFE
44.9667,3.4926,34.8999,28.139,187.63,187.71,0.085,187.67,7.7955,7.456312,0.339188,15.251812,2.052546,57.235713,0,1,0.0,0,LOW
0.3572,0.1984,0.2141,0.2059,150.98,146.27,4.7094,148.63,7.8202,8.106739,0.286539,15.926939,3.576123,0.351629,1,1,0.0,1,HIGH
310.1572,202.1296,48.7704,230.1359,234.28,236.55,2.2664,235.41,7.7545,7.88766,0.13316,15.64216,2.33396,348.699201,0,1,0.0,0,SAFE
0.0165,0.0089,0.0139,0.0008,154.51,158.61,4.1035,156.56,7.8121,7.644095,0.168005,15.456195,1.88603,0.024735,0,1,0.0,1,CRITICAL
10900.423,3937.65,4478.31,9124.63,1040.14,227.99,812.15,634.07,7.3456,7.7549,0.4093,15.1005,12.333503,5000.491874,1,1,0.0,0,SAFE
381.1808,343.7307,119.0656,113.8922,734.91,736.77,1.8636,735.84,7.5148,7.521804,0.007004,15.036604,6.523762,299.937276,0,1,0.0,0,SAFE
1.4112,0.9368,0.884,0.5767,180.19,184.23,4.0394,182.21,7.7925,7.775521,0.016979,15.568021,2.008798,1.955171,0,1,0.0,1,MEDIUM
12755.0261,3903.38,8028.95,9109.9,435.81,245.88,189.93,340.85,7.6468,7.7467,0.0999,15.3935,3.764397,11472.764736,0,1,0.0,0,SAFE
465.7163,120.5009,422.5955,154.2214,757.26,757.54,0.2801,757.4,7.4857,6.993374,0.492326,14.479074,6.760487,357.830806,0,1,0.0,0,SAFE
16.5799,4.4225,15.9352,1.1858,326.89,331.86,4.9684,329.37,7.7173,7.521946,0.195354,15.239246,2.948425,19.877589,0,1,0.0,0,LOW
13263.0494,6094.7,9932.01,6333.9,227.33,1014.99,787.66,621.16,7.7758,7.3326,0.4432,15.1084,12.002865,7375.248237,1,1,0.0,0,SAFE
8575.6973,2094.95,2904.83,7792.03,280.44,301.62,21.18,291.03,7.7548,7.7087,0.0461,15.4635,5.319645,5639.726852,1,1,0.0,0,SAFE
11124.3221,3089.21,8572.35,6381.39,359.78,269.42,90.36,314.6,7.6998,7.7253,0.0255,15.4251,5.657722,8715.804767,1,1,0.0,0,SAFE
3740.8945,2541.6,2743.68,82.35,342.04,234.29,107.75,288.17,7.6889,7.7656,0.0767,15.4545,5.304906,3347.901091,1,1,0.0,0,SAFE
12712.6846,2555.49,1154.87,12399.52,212.49,569.56,357.07,391.02,7.783,7.5615,0.2215,15.3445,7.019303,6792.281606,1,1,0.0,0,SAFE
3225.9286,654.15,3045.86,837.52,288.49,145.59,142.9,217.04,7.7411,7.8242,0.0831,15.5653,4.413637,3105.727717,1,1,0.0,0,SAFE
10882.0605,8045.33,7184.54,1440.24,276.98,385.51,108.53,331.25,7.7482,7.668,0.0802,15.4162,5.89826,9192.214535,1,1,0.0,0,SAFE
1.5582,0.2848,0.3949,1.4802,348.01,345.58,2.4283,346.8,7.7154,7.432212,0.283188,15.147612,3.098764,1.288654,0,1,0.0,1,MEDIUM
44.5263,22.9445,16.2616,34.521,1007.68,1006.34,1.3418,1007.01,7.3505,7.839636,0.489136,15.190136,9.703171,24.049856,0,1,0.0,0,LOW
8.0001,4.4793,1.878,6.3569,1177.67,1172.86,4.8052,1175.27,7.2465,7.720452,0.473952,14.966952,12.004451,3.835433,0,1,0.0,0,LOW
11755.1871,2199.77,9944.36,5869.85,246.21,330.66,84.45,288.44,7.7384,7.6856,0.0528,15.424,5.299008,9771.214013,1,1,0.0,0,SAFE
1.1837,0.0089,0.9752,0.6708,150.73,154.45,3.7241,152.59,7.8522,7.482173,0.370027,15.334373,0.085,7.586713,0,0,0.0,1,MEDIUM
1208.933,33.2378,861.7393,847.2423,217.51,214.19,3.3201,215.85,7.7651,7.559901,0.205199,15.325001,2.230488,1423.003917,0,1,0.0,0,SAFE
6778.4124,245.0341,225.1569,6770.2391,186.68,187.7,1.0214,187.19,7.7863,8.101366,0.315066,15.887666,4.013966,4656.906835,1,1,0.0,0,SAFE
0.1776,0.0661,0.1173,0.1159,161.66,161.29,0.366,161.48,7.8349,7.690762,0.144138,15.525662,1.901067,0.232108,0,1,0.0,1,HIGH
12424.6037,2164.29,7832.2,9399.11,176.77,229.39,52.62,203.08,7.7917,7.7756,0.0161,15.5673,2.303542,13937.742749,0,1,0.0,0,SAFE
0.7552,0.6438,0.3913,0.0528,220.16,220.77,0.6124,220.47,7.7789,7.961906,0.183006,15.740806,2.250429,1.036434,0,1,0.0,1,HIGH
7032.2795,1731.03,4006.38,5514.11,283.71,317.42,33.71,300.56,7.7292,7.7211,0.0081,15.4503,5.450101,5038.966167,1,1,0.0,0,SAFE
5360.6236,2591.37,4521.61,1255.44,165.77,322.52,156.75,244.14,7.7968,7.7118,0.085,15.5086,2.917791,6370.346078,0,1,0.0,0,SAFE
6297.9069,3635.28,209.72,5138.52,356.83,286.93,69.9,321.88,7.6768,7.7313,0.0545,15.4081,5.75202,4297.409393,1,1,0.0,0,SAFE
5886.566,29.1649,5716.9886,1402.4445,210.58,214.0,3.4227,212.29,7.7856,7.545128,0.240472,15.330728,0.085,40962.766511,0,0,0.0,0,SAFE
4927.4996,2486.33,3672.6,2147.19,202.36,953.82,751.46,578.09,7.7906,7.4075,0.3831,15.1981,11.079334,2886.400561,1,1,0.0,0,SAFE
4.789,2.3984,4.0874,0.69,286.17,282.95,3.2249,284.56,7.7506,7.697917,0.052683,15.448517,5.232032,4.291296,1,1,0.0,1,MEDIUM
4007.8811,1854.14,3396.43,1043.81,187.57,167.47,20.1,177.52,7.7926,7.8073,0.0147,15.5999,2.051698,5658.635719,0,1,0.0,0,SAFE
0.4328,0.2222,0.3713,0.0046,418.48,416.75,1.7274,417.62,7.6619,7.689568,0.027668,15.351468,7.157174,0.333469,1,1,0.0,1,HIGH
0.307,0.0462,0.0623,0.297,284.81,280.34,4.4738,282.57,7.7667,8.127275,0.360575,15.893975,2.660189,0.268796,0,1,0.0,1,HIGH
11509.1023,5427.22,349.05,10143.12,213.81,217.26,3.45,215.53,7.7714,7.7585,0.0129,15.5299,2.228963,11982.490249,0,1,0.0,0,SAFE
5866.4025,5279.35,1781.42,1835.67,211.74,275.11,63.37,243.43,7.7817,7.7067,0.075,15.4884,4.70632,5421.008451,1,1,0.0,0,SAFE
287.8438,82.7459,265.4445,74.4742,158.03,160.88,2.8527,159.46,7.813,7.899625,0.086625,15.712625,1.882765,424.349497,0,1,0.0,0,SAFE
507.193,117.4219,437.5113,228.1242,158.73,159.79,1.065,159.26,7.832,7.471445,0.360555,15.303445,0.085,3378.855259,0,0,0.0,0,SAFE
13756.4548,6779.28,3372.69,11485.05,846.09,1017.96,171.87,932.03,7.4162,7.3395,0.0767,14.7557,17.493684,5307.690083,1,1,0.0,0,SAFE
8866.2835,6988.97,4517.54,3058.94,314.74,285.56,29.18,300.15,7.7219,7.7299,0.008,15.4518,5.44385,7570.536719,1,1,0.0,0,SAFE
4.5344,3.6649,2.2365,1.4587,333.0,331.81,1.1912,332.4,7.7041,7.945818,0.241718,15.649918,5.889628,3.739522,1,1,0.0,1,MEDIUM
11815.3775,228.64,11812.55,120.55,238.16,248.68,10.52,243.42,7.7628,7.7469,0.0159,15.5097,2.358241,15861.177892,0,1,0.0,0,SAFE
0.657,0.6315,0.1809,0.0124,508.57,512.95,4.3848,510.76,7.6121,7.20817,0.40393,14.82027,8.683986,0.459606,1,1,0.0,1,HIGH
13570.9286,5337.87,5107.39,11383.84,919.59,215.51,704.08,567.55,7.4088,7.7859,0.3771,15.1947,8.607252,7442.34104,0,1,0.0,0,SAFE
10500.5295,273.08,9256.91,4949.36,460.76,906.49,445.73,683.62,7.6413,7.3904,0.2509,15.0317,12.330414,5771.80129,1,1,0.0,0,SAFE
12339.3843,1197.59,6146.54,10632.32,275.08,271.66,3.42,273.37,7.742,7.7241,0.0179,15.4661,2.595683,12102.515415,0,1,0.0,0,SAFE
38.4068,13.2522,35.8738,3.54,303.6,303.15,0.4538,303.37,7.7181,7.292387,0.425713,15.010487,2.787035,47.3156,0,1,0.0,0,LOW
2484.3114,848.4749,682.4879,2232.9585,233.85,229.01,4.8429,231.43,7.7617,7.823576,0.061876,15.585276,2.301168,2506.520047,0,1,0.0,0,SAFE
11753.6161,3161.31,539.76,11307.62,385.31,298.52,86.79,341.91,7.6804,7.7256,0.0452,15.406,6.040984,6871.374494,1,1,0.0,0,SAFE
13174.8403,5181.4,10923.35,5235.45,898.55,134.7,763.85,516.62,7.3972,7.8568,0.4596,15.254,10.024841,8193.376818,1,1,0.0,0,SAFE
28.3026,13.4325,22.696,10.2711,375.21,372.49,2.7166,373.85,7.6892,7.902816,0.213616,15.592016,3.297968,30.931369,0,1,0.0,0,LOW
14221.6473,10435.42,6241.7,7375.53,1540.29,277.74,1262.55,909.01,7.1311,7.7399,0.6088,14.871,20.262567,6006.953165,1,1,0.0,0,SAFE
395.1219,126.955,232.7487,292.9706,256.58,255.38,1.2005,255.98,7.7545,7.626071,0.128429,15.380571,4.857799,308.008982,1,1,0.0,0,SAFE
3.927730170491015e+28,4.92805628628711e+27,3.44833392073145e+28,1.8147176297457714e+28,178.35,3.9277301704910156e+28,3.9277301704910156e+28,1.9638650852455078e+28,7.8117,0.0,7.8117,7.8117,6.556502324178786e+51,938.832311,0,1,0.0,0,SAFE
3152.3847,1310.42,1039.64,2671.98,937.9,262.1,675.8,600.0,7.361,7.7359,0.3749,15.0969,8.829615,1695.323889,0,1,0.0,0,SAFE
1.525,0.1587,1.5162,0.0378,200.32,205.3,4.9767,202.81,7.7862,7.358466,0.427734,15.144666,2.156635,2.140401,0,1,0.0,1,MEDIUM
2478.5306,2245.2165,38.5538,1049.1094,278.43,274.55,3.8777,276.49,7.7095,8.134203,0.424703,15.843703,2.617801,2996.771046,0,1,0.0,0,SAFE
0.035,0.0041,0.0227,0.0264,204.7,205.67,0.9653,205.18,7.7782,7.779745,0.001545,15.557945,2.153059,0.04076,0,1,0.0,1,CRITICAL
3.1611,1.2113,2.7765,0.9035,401.23,400.85,0.384,401.04,7.6574,7.343848,0.313552,15.001248,6.900891,2.42378,1,1,0.0,1,MEDIUM
10265.5519,7546.09,6662.1,2013.58,271.02,809.01,537.99,540.01,7.7379,7.4604,0.2775,15.1983,7.324906,7735.421188,0,1,0.0,0,SAFE
9.6495,8.9293,2.7283,2.4368,239.61,237.58,2.0275,238.6,7.7514,7.646653,0.104747,15.398053,0.085,67.012777,0,0,0.0,0,LOW
2405.1967,1804.08,917.27,1299.57,963.05,324.54,638.51,643.79,7.3438,7.7007,0.3569,15.0445,11.986621,1310.899154,1,1,0.0,0,SAFE
9969.9524,6798.55,7006.79,2021.03,350.81,640.83,290.02,495.82,7.6923,7.5341,0.1582,15.2264,8.607826,6925.10086,1,1,0.0,0,SAFE
0.0317,0.0236,0.0095,0.0188,230.16,231.53,1.3723,230.85,7.7699,7.965849,0.195949,15.735749,4.540161,0.027454,1,1,0.0,1,CRITICAL
8641.1594,2044.4607,4968.506,6767.8478,238.54,233.84,4.6977,236.19,7.7581,8.101001,0.342901,15.859101,2.360626,9413.809063,0,1,0.0,0,SAFE
11848.7238,938.9,1836.11,11667.88,319.07,900.25,581.18,609.66,7.7211,7.4203,0.3008,15.1414,11.184197,4960.69982,1,1,0.0,0,SAFE
13320.3321,6557.05,1027.29,11549.07,897.66,356.61,541.05,627.13,7.3956,7.6916,0.296,15.0872,11.420745,6201.002281,1,1,0.0,0,SAFE
1347.5502,1302.318,165.2633,304.2161,320.31,319.17,1.1433,319.74,7.7129,7.259092,0.453808,14.971992,2.894395,1609.620494,0,1,0.0,0,SAFE
0.3414,0.0129,0.097,0.3271,266.63,265.17,1.4629,265.9,7.7466,7.576554,0.170046,15.323154,4.98611,0.220686,1,1,0.0,1,HIGH
0.0612,0.009,0.0185,0.0577,201.88,204.55,2.6657,203.21,7.801,8.003788,0.202788,15.804788,2.136201,0.061528,0,1,0.0,1,CRITICAL
9073.9282,4853.35,2383.84,7286.87,217.62,205.06,12.56,211.34,7.7937,7.7783,0.0154,15.572,2.155216,10207.473134,0,1,0.0,0,SAFE
0.0709,0.0541,0.011,0.0445,251.52,253.44,1.921,252.48,7.763,7.463619,0.299381,15.226619,4.812937,0.058878,1,1,0.0,1,CRITICAL
127.5492,125.2708,23.4797,4.9742,245.21,241.75,3.4557,243.48,7.7504,8.21959,0.46919,15.96999,2.402686,169.566569,0,1,0.0,0,SAFE
12788.9327,7998.29,5066.14,8597.58,320.69,386.47,65.78,353.58,7.7117,7.6787,0.033,15.3904,6.202285,9161.588004,1,1,0.0,0,SAFE
999.5645,561.2316,331.9061,757.619,183.26,183.46,0.1997,183.36,7.81,7.61278,0.19722,15.42278,2.027748,1194.045893,0,1,0.0,0,SAFE
3.1763,0.5153,0.4243,3.1053,184.08,180.84,3.2368,182.46,7.801,7.761163,0.039837,15.562163,2.012577,3.160909,0,1,0.0,1,MEDIUM
9695.3027,2928.53,9144.23,1343.75,571.92,231.66,340.26,401.79,7.57,7.772,0.202,15.342,7.15844,7430.479035,1,1,0.0,0,SAFE
3.7158,2.5626,1.3225,2.3433,207.6,211.47,3.8727,209.54,7.7763,7.64409,0.13221,15.42039,4.279288,3.268446,1,1,0.0,1,MEDIUM
4588.014,3990.1743,351.5473,2237.1402,221.97,217.17,4.805,219.57,7.7691,7.954293,0.185193,15.723393,0.085,30223.691192,0,0,0.0,0,SAFE
7380.4058,5379.75,3569.31,3576.13,1062.76,842.09,220.67,952.42,7.3159,7.4327,0.1168,14.7486,18.034554,3340.973823,1,1,0.0,0,SAFE
1949.0875,1509.6219,1228.2851,106.2992,1208.63,1212.82,4.1867,1210.72,7.2493,7.702755,0.453455,14.952055,12.45002,1137.841225,0,1,0.0,0,SAFE
8796.3052,7202.53,5042.98,258.65,196.83,333.47,136.64,265.15,7.8141,7.6893,0.1248,15.5034,5.016038,8094.872376,1,1,0.0,0,SAFE
6286.8835,3214.57,2841.32,4595.47,309.75,1094.02,784.27,701.88,7.6848,7.3313,0.3535,15.0161,13.585528,2948.627674,1,1,0.0,0,SAFE
0.6948,0.3264,0.2182,0.5732,363.69,360.58,3.1115,362.13,7.6707,7.399762,0.270938,15.070462,6.317862,0.44938,1,1,0.0,1,HIGH
0.057,0.0406,0.0285,0.028,244.37,243.07,1.3043,243.72,7.754,8.07539,0.32139,15.82939,0.085,0.37495,0,0,0.0,1,CRITICAL
13540.1913,5046.83,1822.46,12431.61,1076.55,959.59,116.96,1018.07,7.3013,7.344,0.0427,14.6453,19.61763,4595.424025,1,1,0.0,0,SAFE
1652.1269,1618.3605,321.1784,85.3055,294.11,298.26,4.151,296.19,7.7242,8.025232,0.301032,15.749432,2.722595,2062.644784,0,1,0.0,0,SAFE
8995.8132,6646.08,5935.24,1235.8,1263.54,237.67,1025.87,750.61,7.2286,7.7517,0.5231,14.9803,15.530479,4681.163314,1,1,0.0,0,SAFE
0.7927,0.3134,0.1246,0.7174,379.1,382.8,3.6986,380.95,7.6784,7.616013,0.062387,15.294413,6.596638,0.469699,1,1,0.0,1,HIGH
2027.2887,1904.0628,581.4833,382.5199,293.72,289.87,3.8496,291.8,7.7114,7.385229,0.326171,15.096629,2.719964,2508.941357,0,1,0.0,0,SAFE
8178.0521,2668.5107,4753.7659,6096.0067,273.78,272.49,1.2929,273.13,7.7351,7.535891,0.199209,15.270991,0.085,48080.854659,0,0,0.0,0,SAFE
0.5851,0.136,0.393,0.4116,229.18,233.36,4.1839,231.27,7.7698,7.851613,0.081813,15.621413,2.328246,0.673162,0,1,0.0,1,HIGH
10316.7673,4467.53,2353.88,8996.45,257.38,172.48,84.9,214.93,7.7739,7.8036,0.0297,15.5775,1.964475,11532.063338,0,1,0.0,0,SAFE
9170.0706,4928.42,7111.06,3038.7,398.25,179.89,218.36,289.07,7.6846,7.8139,0.1293,15.4985,5.39369,7887.802962,1,1,0.0,0,SAFE
9221.338,5001.51,7105.58,3086.86,212.81,638.88,426.07,425.85,7.7824,7.5345,0.2479,15.3169,7.671869,6646.304077,1,1,0.0,0,SAFE
6925.5914,824.6263,6649.8304,1750.3038,796.0,792.87,3.1307,794.43,7.4852,7.458695,0.026505,14.943895,14.24229,3715.489131,1,1,0.0,0,SAFE
12739.0366,3670.74,10155.23,6758.7,1035.34,694.63,340.71,864.98,7.3189,7.5148,0.1959,14.8337,16.083741,6014.658778,1,1,0.0,0,SAFE
0.2992,0.0621,0.2909,0.032,224.85,225.39,0.5401,225.12,7.7712,7.652627,0.118573,15.423827,2.275482,0.407537,0,1,0.0,1,HIGH
0.423,0.3929,0.0943,0.1252,266.85,267.95,1.1028,267.4,7.7529,7.334786,0.418114,15.087686,2.54175,0.53354,0,1,0.0,1,HIGH
420.1487,361.4652,30.963,211.9177,216.85,219.62,2.7725,218.24,7.7789,7.326618,0.452282,15.105518,2.226464,537.899342,0,1,0.0,0,SAFE
3470.6596,2246.54,1848.19,1892.81,336.56,471.81,135.25,404.19,7.698,7.5958,0.1022,15.2938,6.988051,2472.914121,1,1,0.0,0,SAFE
387.4625,198.5932,304.4962,134.0521,212.27,212.17,0.1046,212.22,7.7711,7.384331,0.386769,15.155431,4.31166,371.671518,1,1,0.0,0,SAFE
11925.4623,3431.71,1319.89,11344.51,188.44,228.28,39.84,208.36,7.793,7.7678,0.0252,15.5608,4.268451,8391.19338,1,1,0.0,0,SAFE
4503.7815,3585.38,1783.63,2061.01,237.84,967.94,730.1,602.89,7.7612,7.3642,0.397,15.1254,11.471837,2576.900409,1,1,0.0,0,SAFE
4524.3411,4182.4,1712.96,207.27,254.23,149.21,105.02,201.72,7.7578,7.8302,0.0724,15.588,4.20893,4543.710042,1,1,0.0,0,SAFE
0.1834,0.0019,0.1592,0.0911,249.2,250.93,1.7272,250.06,7.777,8.094435,0.317435,15.871435,2.428028,0.225483,0,1,0.0,1,HIGH
0.207,0.0828,0.0082,0.1896,250.33,251.64,1.3088,250.98,7.7439,7.817767,0.073867,15.561667,4.793813,0.142477,1,1,0.0,1,HIGH
49.0353,11.9111,36.1894,30.8693,202.23,199.23,3.0032,200.73,7.7777,7.677319,0.100381,15.455019,4.173691,43.696096,1,1,0.0,0,LOW
1881.2058,22.7138,941.668,1628.3982,223.3,226.23,2.9286,224.76,7.7801,7.954776,0.174676,15.734876,2.265942,1968.393893,0,1,0.0,0,SAFE
12.2855,5.9215,8.172,7.0063,159.51,160.14,0.6314,159.83,7.8047,7.91564,0.11094,15.72034,3.700646,11.917204,1,1,0.0,0,LOW
0.4029,0.2515,0.1526,0.2752,794.55,794.52,0.0327,794.53,7.4537,7.585706,0.132006,15.039406,14.244448,0.189393,1,1,0.0,1,HIGH
10619.8713,2003.85,7080.05,7657.62,443.56,177.76,265.8,310.66,7.6482,7.8074,0.1592,15.4556,3.826298,9438.523383,0,1,0.0,0,SAFE
10011.4486,6488.78,5009.49,5747.16,222.5,304.87,82.37,263.69,7.7463,7.7295,0.0168,15.4758,4.971743,8366.173725,1,1,0.0,0,SAFE
12560.7139,5326.1,9228.11,6651.78,265.61,200.83,64.78,233.22,7.7517,7.7884,0.0367,15.5401,2.533674,14947.047104,0,1,0.0,0,SAFE
722.6054,618.0171,197.4444,318.1653,422.54,427.29,4.7465,424.91,7.6616,7.924187,0.262587,15.585787,3.65959,735.586904,0,1,0.0,0,SAFE
13435.5469,4905.24,3774.73,11924.93,249.85,791.98,542.13,520.91,7.7383,7.4787,0.2596,15.217,9.483821,6744.672832,1,1,0.0,0,SAFE
10912.2781,8888.75,2901.51,5625.76,213.27,287.54,74.27,250.41,7.7811,7.7088,0.0723,15.4899,2.678432,12690.430545,0,1,0.0,0,SAFE
0.0695,0.0145,0.0281,0.0619,240.13,235.37,4.7587,237.75,7.802,7.929336,0.127336,15.731336,2.370618,0.069647,0,1,0.0,1,CRITICAL
9437.3992,4637.54,5854.06,5769.55,202.44,243.91,41.47,223.18,7.7983,7.746,0.0523,15.5443,4.449002,8210.645735,1,1,0.0,0,SAFE
10649.004,6715.51,2278.27,7944.35,277.59,248.14,29.45,262.87,7.746,7.7782,0.0322,15.5242,4.948529,8202.467866,1,1,0.0,0,SAFE
11317.003,262.62,121.78,11313.3,829.02,751.74,77.28,790.38,7.4383,7.4646,0.0263,14.9029,14.165876,4134.190198,1,1,0.0,0,SAFE
11060.1022,10129.93,4295.57,1121.81,209.43,260.4,50.97,234.91,7.7834,7.7573,0.0261,15.5407,2.499885,14379.671715,0,1,0.0,0,SAFE
253.8357,19.6853,246.0083,59.3713,211.15,214.94,3.7911,213.05,7.7816,8.257386,0.475786,16.038986,4.321719,247.865857,1,1,0.0,0,SAFE
4352.5987,672.8333,46.5929,4300.0279,897.44,894.71,2.7332,896.07,7.3777,7.207906,0.169794,14.585606,8.342064,2102.017719,0,1,0.0,0,SAFE
0.0386,0.02,0.0327,0.0043,253.59,255.43,1.836,254.51,7.7394,7.96301,0.22361,15.70241,4.838907,0.036013,1,1,0.0,1,CRITICAL
3895.1119,1874.37,3348.29,669.02,221.57,255.54,33.97,238.56,7.7712,7.7258,0.0454,15.497,0.085,27315.96302,0,0,0.0,0,SAFE
6742.9075,1228.41,4522.57,4848.11,794.97,1059.44,264.47,927.21,7.4557,7.3467,0.109,14.8024,17.462402,2808.502494,1,1,0.0,0,SAFE
0.0054,0.0036,0.0029,0.0029,634.7,633.85,0.8521,634.27,7.5371,7.369532,0.167568,14.906632,10.935909,0.003106,1,1,0.0,1,CRITICAL
13381.573,8182.76,1125.42,10528.17,293.33,957.08,663.75,625.21,7.7309,7.3754,0.3555,15.1063,9.065599,7421.502972,0,1,0.0,0,SAFE
946.4451,493.6135,458.3956,664.8139,253.64,256.2,2.5561,254.92,7.76,8.2428,0.4828,16.0028,4.844175,755.288985,1,1,0.0,0,SAFE
1329.3481,238.3289,693.622,1108.7174,770.59,775.23,4.6398,772.91,7.4801,7.076206,0.403894,14.556306,13.772593,578.429979,1,1,0.0,0,SAFE
10868.8261,2200.28,1873.4,10477.62,1010.6,1021.23,10.63,1015.91,7.343,7.3405,0.0025,14.6835,19.533226,3526.029727,1,1,0.0,0,SAFE
5938.6546,5236.7335,1061.1324,2591.9566,601.8,603.05,1.2544,602.43,7.5714,7.912096,0.340696,15.483496,5.201844,5075.911538,0,1,0.0,0,SAFE
9450.9654,5537.0402,7351.654,2148.282,791.55,787.11,4.4435,789.33,7.4383,7.315763,0.122537,14.754063,14.130164,5108.255458,1,1,0.0,0,SAFE
0.0089,0.0058,0.0026,0.0062,805.83,810.24,4.4064,808.03,7.4323,7.185653,0.246647,14.617953,14.543123,0.004122,1,1,0.0,1,CRITICAL
11983.7221,4271.7,2566.78,10898.34,967.02,1166.63,199.61,1066.83,7.3753,7.2591,0.1162,14.6344,20.951664,3968.1092,1,1,0.0,0,SAFE
12053.8725,8327.42,8557.25,1650.27,230.4,281.54,51.14,255.97,7.7686,7.7407,0.0279,15.5093,4.863228,11209.485808,1,1,0.0,0,SAFE
0.1557,0.0095,0.0954,0.1226,280.28,283.4,3.1189,281.84,7.7489,7.440839,0.308061,15.189739,2.630057,0.160169,0,1,0.0,1,HIGH
7358.6493,3037.38,717.83,6663.99,285.4,161.58,123.82,223.49,7.7358,7.8238,0.088,15.5596,4.4818,5287.112882,1,1,0.0,0,SAFE
308.7798,116.5294,148.8613,244.1438,297.67,297.13,0.5376,297.4,7.7406,8.169366,0.428766,15.909966,5.404714,221.212392,1,1,0.0,0,SAFE
8667.8694,4490.71,3346.42,6615.66,149.89,551.83,401.94,350.86,7.8129,7.5948,0.2181,15.4077,6.496989,5765.577753,1,1,0.0,0,SAFE
8657.592,1834.6,5509.46,6421.37,212.71,242.9,30.19,227.81,7.7837,7.7501,0.0336,15.5338,4.504388,7007.62383,1,1,0.0,0,SAFE
12968.9398,2917.15,3807.15,12049.45,215.71,190.0,25.71,202.86,7.7806,7.7886,0.008,15.5692,4.200448,9410.914355,1,1,0.0,0,SAFE
1751.3203,350.9807,1590.6729,643.1913,219.38,214.98,4.4042,217.18,7.7706,7.829163,0.058563,15.599763,2.241907,2319.197147,0,1,0.0,0,SAFE
3.3708,0.9178,0.4681,3.2095,1086.62,1085.57,1.0458,1086.1,7.3364,7.54208,0.20568,14.87848,10.727193,1.494766,0,1,0.0,1,MEDIUM
0.8275,0.7041,0.055,0.4312,247.74,251.81,4.0722,249.78,7.7679,7.636208,0.131692,15.404108,4.778431,0.719138,1,1,0.0,1,HIGH
12562.8539,5677.07,4186.11,10395.8,238.91,287.59,48.68,263.25,7.7332,7.7125,0.0207,15.4457,4.956715,9156.583091,1,1,0.0,0,SAFE
7777.5154,7344.2,992.47,2359.55,186.98,273.36,86.38,230.17,7.7982,7.731,0.0672,15.5292,4.547616,7323.96174,1,1,0.0,0,SAFE
0.5403,0.5006,0.0977,0.1782,295.02,295.0,0.0235,295.01,7.7266,7.550742,0.175858,15.277342,2.728741,0.653635,0,1,0.0,1,HIGH
10243.8772,1731.27,7113.08,7165.46,352.58,511.2,158.62,431.89,7.7064,7.5703,0.1361,15.2767,7.435027,6609.002261,1,1,0.0,0,SAFE
1196.3518,1191.6422,20.3301,104.082,165.77,169.94,4.1708,167.86,7.7969,8.200954,0.404054,15.997854,1.949988,1762.472744,0,1,0.0,0,SAFE
9078.3995,1505.61,1745.81,8780.81,275.07,283.35,8.28,279.21,7.7522,7.7367,0.0155,15.4889,5.161076,5709.212701,1,1,0.0,0,SAFE
3.4313,2.9719,1.7126,0.0946,290.06,288.01,2.0517,289.03,7.738,7.460205,0.277795,15.198205,2.695328,4.307833,0,1,0.0,1,MEDIUM
0.0657,0.0015,0.0613,0.0237,382.57,380.36,2.2081,381.47,7.6662,7.62659,0.03961,15.29279,6.604359,0.050806,1,1,0.0,1,CRITICAL
2.2973,0.8706,2.1239,0.0939,192.08,197.0,4.9214,194.54,7.775,7.982429,0.207429,15.757429,4.100339,2.33777,1,1,0.0,1,MEDIUM
2.6773,1.5269,1.8594,1.1744,365.45,369.49,4.044,367.47,7.7051,7.485786,0.219314,15.190886,3.225766,2.904209,0,1,0.0,1,MEDIUM
636.9299,90.2198,630.4385,9.3485,289.06,288.69,0.3701,288.87,7.7096,7.710625,0.001025,15.420225,2.688617,800.747671,0,1,0.0,0,SAFE
9490.9161,6975.38,6330.18,1162.06,1057.47,329.55,727.92,693.51,7.2989,7.6986,0.3997,14.9975,13.233931,5356.01869,1,1,0.0,0,SAFE
0.4789,0.4002,0.2583,0.0496,195.12,197.02,1.9035,196.07,7.7912,8.233076,0.441876,16.024276,2.096065,0.679862,0,1,0.0,1,HIGH
1159.9822,158.7368,361.6053,1090.6892,309.04,308.35,0.6919,308.69,7.7275,8.145547,0.418047,15.873047,5.558883,723.503733,1,1,0.0,0,SAFE
0.1763,0.0918,0.0745,0.1308,423.77,427.44,3.6703,425.61,7.6374,7.863222,0.225822,15.500622,3.669242,0.158092,0,1,0.0,1,HIGH
13087.978,2725.75,3724.88,12247.07,307.2,217.56,89.64,262.38,7.7245,7.7779,0.0534,15.5024,0.085,66320.052734,0,0,0.0,0,SAFE
5375.5918,770.88,3491.92,4013.63,1029.57,607.54,422.03,818.55,7.3345,7.5501,0.2156,14.8846,15.156474,2365.04118,1,1,0.0,0,SAFE
13029.3656,8950.62,2768.31,9054.68,219.71,1010.2,790.49,614.96,7.7732,7.3527,0.4205,15.1259,9.735492,7363.836163,0,1,0.0,0,SAFE
9176.9547,2020.25,3966.77,8024.95,379.74,227.37,152.37,303.56,7.678,7.782,0.104,15.46,3.331755,7860.58143,0,1,0.0,0,SAFE
10512.2149,3483.18,8636.52,4876.95,156.67,986.09,829.42,571.38,7.8245,7.3577,0.4668,15.1822,11.218636,6071.06914,1,1,0.0,0,SAFE
12289.2493,3716.94,801.27,11686.23,284.73,222.23,62.5,253.48,7.7403,7.7767,0.0364,15.517,4.834024,8128.636894,1,1,0.0,0,SAFE
4498.979,1289.92,4229.67,828.74,165.48,953.62,788.14,559.55,7.8,7.3459,0.4541,15.1459,9.022797,3058.477552,0,1,0.0,0,SAFE
8329.0664,4577.9061,6627.7984,2118.5873,1196.3,1200.18,3.8789,1198.24,7.2499,7.25281,0.00291,14.50271,24.514179,3405.126286,1,1,0.0,0,SAFE
0.0609,0.0198,0.0561,0.0131,208.93,209.94,1.0131,209.44,7.7961,8.258943,0.462843,16.055043,2.178472,0.084027,0,1,0.0,1,CRITICAL
1555.17,668.928,434.451,1335.0436,960.85,964.78,3.9305,962.82,7.3453,7.000828,0.344472,14.346128,9.112352,816.203954,0,1,0.0,0,SAFE
10314.8426,5314.08,7087.25,5284.64,915.86,248.46,667.4,582.16,7.3796,7.7502,0.3706,15.1298,10.900621,5952.57386,1,1,0.0,0,SAFE
64.9866,3.853,64.7449,4.0632,305.14,306.46,1.3206,305.8,7.7197,7.664178,0.055522,15.383878,5.519173,56.96517,1,1,0.0,0,SAFE
925.3777,427.14,699.04,430.37,181.4,863.81,682.41,522.61,7.8152,7.3969,0.4183,15.2121,7.947405,634.748567,0,1,0.0,0,SAFE
13019.2582,2975.02,4779.87,11738.96,273.15,1041.33,768.18,657.24,7.7201,7.3392,0.3809,15.0593,10.139217,6241.69251,0,1,0.0,0,SAFE
4.0022,2.7389,2.1775,1.9428,292.66,294.54,1.8811,293.6,7.7329,7.788527,0.055627,15.521427,2.712817,4.669967,0,1,0.0,1,MEDIUM
433.1447,1.1021,273.3437,336.0005,185.12,182.87,2.2513,183.99,7.8004,7.653225,0.147175,15.453625,2.037405,510.419007,0,1,0.0,0,SAFE
340.9734,186.2003,262.1241,113.5046,862.7,860.58,2.1236,861.64,7.4217,7.702187,0.280487,15.123887,7.934543,241.744625,0,1,0.0,0,SAFE
1000.4879,649.851,757.1777,73.1559,445.56,444.83,0.7256,445.2,7.6467,7.225422,0.421278,14.872122,7.593882,747.357587,1,1,0.0,0,SAFE
10553.1649,10085.52,2121.65,2269.4,505.16,291.2,213.96,398.18,7.6025,7.7198,0.1173,15.3223,2.702989,13061.809786,0,1,0.0,0,SAFE
13939.1743,13064.19,4531.64,1758.34,885.55,939.39,53.84,912.47,7.4189,7.3871,0.0318,14.806,16.964268,6946.016497,1,1,0.0,0,SAFE
0.0191,0.0125,0.0076,0.0123,188.69,186.62,2.0659,187.66,7.7889,8.287976,0.499076,16.076876,2.046174,0.02412,0,1,0.0,1,CRITICAL
424.1205,60.5,342.76,242.35,218.59,361.8,143.21,290.19,7.779,7.6961,0.0829,15.4751,5.351051,341.979673,1,1,0.0,0,SAFE
5627.0401,4081.48,2975.71,2479.97,345.57,231.11,114.46,288.34,7.6948,7.7678,0.073,15.4626,2.314218,7202.3924,0,1,0.0,0,SAFE
0.0705,0.0413,0.0182,0.0541,209.97,208.55,1.4236,209.26,7.7748,7.502351,0.272449,15.277151,4.275906,0.057597,1,1,0.0,1,CRITICAL
6419.1011,5932.77,2356.78,672.82,238.66,269.35,30.69,254.0,7.7598,7.7263,0.0335,15.4861,4.834452,6000.199063,1,1,0.0,0,SAFE
0.7729,0.312,0.5103,0.4894,251.67,247.45,4.2152,249.56,7.7564,7.780204,0.023804,15.536604,2.443783,0.898521,0,1,0.0,1,HIGH
5250.7831,4076.9,1440.71,2978.92,248.34,203.83,44.51,226.09,7.7623,7.7755,0.0132,15.5378,2.422554,6302.357736,0,1,0.0,0,SAFE
1.9042,0.7612,1.3343,1.1253,303.71,306.91,3.2041,305.31,7.7401,8.163675,0.423575,15.903775,2.787786,2.110772,0,1,0.0,1,MEDIUM
0.3774,0.1563,0.1448,0.3115,231.49,235.98,4.4933,233.74,7.7606,7.831718,0.071118,15.592318,0.085,2.103532,0,0,0.0,1,HIGH
4693.2532,2473.28,3679.03,1540.86,254.42,962.95,708.53,608.69,7.7571,7.3399,0.4172,15.097,11.514832,2764.588655,1,1,0.0,0,SAFE
1498.4895,511.1057,1408.3884,26.1467,797.02,799.58,2.5584,798.3,7.4433,7.109106,0.334194,14.552406,7.192109,1151.816512,0,1,0.0,0,SAFE
0.0741,0.0393,0.0381,0.0499,306.37,310.11,3.736,308.24,7.7216,7.814669,0.093069,15.536269,5.552643,0.056053,1,1,0.0,1,CRITICAL
8938.0829,7606.62,2153.39,4170.32,151.57,961.33,809.76,556.45,7.8507,7.3543,0.4964,15.205,9.118313,5721.242269,0,1,0.0,0,SAFE
3.9068,2.2863,1.8135,2.5975,164.49,166.8,2.3096,165.64,7.8073,7.914199,0.106899,15.721499,1.932142,5.032679,0,1,0.0,1,MEDIUM
162.0408,110.158,57.1991,104.1667,860.8,865.62,4.8176,863.21,7.4016,7.570951,0.169351,14.972551,15.795924,73.775082,1,1,0.0,0,SAFE
0.9796,0.0343,0.5342,0.8204,217.62,215.31,2.3105,216.46,7.7715,7.718825,0.052675,15.490325,2.231158,1.056245,0,1,0.0,1,HIGH
1291.0536,742.2975,639.6164,840.6574,831.02,829.01,2.0144,830.01,7.4155,7.439058,0.023558,14.854558,7.571861,845.693378,0,1,0.0,0,SAFE
575.3657,458.4639,241.9365,249.6462,222.01,220.09,1.9236,221.05,7.7857,7.906631,0.120931,15.692331,2.258018,746.93997,0,1,0.0,0,SAFE
6238.4693,5954.74,1855.08,135.09,290.8,216.48,74.32,253.64,7.7287,7.7685,0.0398,15.4972,4.83951,5845.41351,1,1,0.0,0,SAFE
12501.4984,10562.0,2829.78,6060.03,1069.55,272.89,796.66,671.22,7.2923,7.7244,0.4321,15.0167,13.008596,6662.932672,1,1,0.0,0,SAFE
10819.8241,1674.74,5681.92,9054.26,787.8,348.85,438.95,568.33,7.4839,7.6929,0.209,15.1768,10.110644,5483.17401,1,1,0.0,0,SAFE
4739.0235,4298.2512,773.6493,1839.7954,378.76,383.42,4.6633,381.09,7.6594,7.735273,0.075873,15.394673,3.324431,5129.039313,0,1,0.0,0,SAFE
49.0298,29.9276,31.2518,23.0561,184.55,185.47,0.9174,185.01,7.8054,8.012081,0.206681,15.817481,0.085,324.699633,0,0,0.0,0,LOW
12.0532,3.7321,11.1861,2.4942,400.28,396.56,3.7163,398.42,7.6652,7.423075,0.242125,15.088275,6.860905,9.372981,1,1,0.0,0,LOW
29.5437,8.7493,24.1821,14.5432,1011.56,1007.71,3.8543,1009.63,7.353,6.887626,0.465374,14.240626,9.752958,18.142376,0,1,0.0,0,LOW
8908.3184,3481.42,559.48,8180.76,288.89,283.68,5.21,286.28,7.7101,7.7373,0.0272,15.4474,5.255133,5840.418124,1,1,0.0,0,SAFE
6.4834,4.5612,3.5416,2.9474,495.21,496.51,1.2982,495.86,7.6269,7.575598,0.051302,15.202498,4.251883,6.098537,0,1,0.0,0,LOW
6692.1741,3767.74,3165.37,4535.39,184.34,193.71,9.37,189.03,7.7906,7.7907,0.0001,15.5813,0.085,40839.65511,0,0,0.0,0,SAFE
13111.0479,631.53,9580.4,8928.42,903.81,260.43,643.38,582.12,7.3732,7.7573,0.3841,15.1305,10.832979,7075.6635,1,1,0.0,0,SAFE
11628.7373,1538.49,5534.39,10110.94,226.32,290.39,64.07,258.36,7.7559,7.7333,0.0226,15.4892,4.897093,8250.366783,1,1,0.0,0,SAFE
13079.5597,8955.08,6258.52,7191.13,218.09,267.6,49.51,242.85,7.7752,7.7262,0.049,15.5014,2.546641,15412.847645,0,1,0.0,0,SAFE
1094.7628,862.3947,656.0749,156.0339,175.21,177.75,2.537,176.48,7.8044,7.467746,0.336654,15.272146,1.980111,1594.795945,0,1,0.0,0,SAFE
5745.5881,3644.7839,2155.3523,3883.528,664.61,666.4,1.793,665.51,7.5411,7.61315,0.07205,15.15425,11.546453,3011.12593,1,1,0.0,0,SAFE
11724.1896,867.24,10777.24,4533.83,255.11,644.4,389.29,449.75,7.7555,7.5497,0.2058,15.3052,7.989331,8188.191991,1,1,0.0,0,SAFE
348.1758,100.9869,223.4531,247.1776,349.64,353.69,4.0524,351.67,7.6898,8.046773,0.356973,15.736573,3.110525,345.337948,0,1,0.0,0,SAFE
0.0267,0.014,0.0198,0.0112,189.07,186.59,2.4817,187.83,7.7969,7.635972,0.160928,15.432872,0.085,0.179412,0,0,0.0,1,CRITICAL
4527.1536,2693.85,234.06,3630.91,178.67,689.14,510.47,433.9,7.8025,7.5144,0.2881,15.3169,6.052229,3041.202275,0,1,0.0,0,SAFE
10653.007,7754.68,7300.65,228.05,297.88,953.78,655.9,625.83,7.7347,7.4077,0.327,15.1424,11.687877,6423.083475,1,1,0.0,0,SAFE
9873.9022,347.32,2428.63,9564.26,602.99,808.13,205.14,705.56,7.5525,7.4564,0.0961,15.0089,12.443112,3992.727016,1,1,0.0,0,SAFE
5859.7346,1932.05,612.02,5498.1,299.55,194.27,105.28,246.91,7.7095,7.7943,0.0848,15.5038,2.759441,5197.927198,0,1,0.0,0,SAFE
10524.8295,9782.05,3625.42,1392.79,525.31,289.79,235.52,407.55,7.607,7.7128,0.1058,15.3198,4.510358,10166.725045,0,1,0.0,0,SAFE
43.5667,19.0311,1.4788,39.1624,253.97,257.06,3.086,255.51,7.7408,7.651273,0.089527,15.392073,2.458501,42.523329,0,1,0.0,0,LOW
1.1091,0.7918,0.229,0.7421,223.53,223.05,0.4808,223.29,7.7545,7.754948,0.000448,15.509448,2.2644,1.317029,0,1,0.0,1,MEDIUM
13119.9603,9930.17,1543.46,8434.62,212.8,270.57,57.77,241.69,7.783,7.7424,0.0406,15.5254,2.566057,14820.018722,0,1,0.0,0,SAFE
2.0726,0.2374,2.0312,0.337,177.5,177.82,0.3216,177.66,7.8316,7.510828,0.320772,15.342428,1.993277,3.004077,0,1,0.0,1,MEDIUM
1.9472,0.0697,0.7503,1.7954,1030.04,1028.46,1.5846,1029.25,7.3286,7.430076,0.101476,14.758676,9.971248,0.923406,0,1,0.0,1,MEDIUM
0.5416,0.2365,0.4449,0.1987,187.29,189.97,2.6751,188.63,7.7974,8.094693,0.297293,15.892093,2.050062,0.750073,0,1,0.0,1,HIGH
0.1082,0.0375,0.038,0.0941,200.72,199.28,1.4423,200.0,7.799,7.377073,0.421927,15.176073,0.085,0.582526,0,0,0.0,1,HIGH
1.9219,0.6717,1.0244,1.4809,403.82,404.32,0.5038,404.07,7.6757,7.363762,0.311938,15.039462,6.947441,1.230515,1,1,0.0,1,MEDIUM
2.6071,1.5881,0.8996,1.8616,211.41,212.55,1.1435,211.98,7.7817,7.969994,0.188294,15.751694,2.193443,3.072292,0,1,0.0,1,MEDIUM
13636.0807,645.15,8150.17,10913.35,1009.03,856.04,152.99,932.53,7.3317,7.4371,0.1054,14.7688,17.493068,5394.425677,1,1,0.0,0,SAFE
41.2314,4.2182,27.2732,30.6335,963.17,968.01,4.843,965.59,7.3847,7.755193,0.370493,15.139893,18.257696,16.564235,1,1,0.0,0,LOW
11317.4834,279.5,7454.61,8510.94,877.4,1140.04,262.64,1008.72,7.4075,7.2829,0.1246,14.6904,19.494588,4376.141815,1,1,0.0,0,SAFE
4202.3172,1673.1856,390.1599,3835.0613,273.67,270.85,2.8182,272.26,7.7555,7.285633,0.469867,15.041133,2.586402,3948.624565,0,1,0.0,0,SAFE
3.2482,0.6429,0.0915,3.1826,1024.89,1029.56,4.667,1027.22,7.3341,6.950027,0.384073,14.284127,9.92498,1.45202,0,1,0.0,1,MEDIUM
27.4376,18.2556,16.8125,11.7001,230.52,235.47,4.9495,232.99,7.7441,7.954856,0.210756,15.698956,2.310553,35.282335,0,1,0.0,0,LOW
24.2246,11.531,20.0456,7.2139,168.69,164.78,3.9121,166.73,7.7966,7.745061,0.051539,15.541661,1.920701,35.135799,0,1,0.0,0,LOW
5135.8834,2395.537,3673.4966,2672.8494,667.99,664.99,2.9954,666.49,7.5357,7.078605,0.457095,14.614305,11.566005,2869.509192,1,1,0.0,0,SAFE
13001.192,5725.51,799.86,11645.16,218.48,166.63,51.85,192.56,7.7532,7.807,0.0538,15.5602,2.236407,13343.532484,0,1,0.0,0,SAFE
4126.3392,2896.06,727.23,2847.92,295.19,496.1,200.91,395.64,7.7161,7.6247,0.0914,15.3408,6.904305,2776.194057,1,1,0.0,0,SAFE
5535.9254,4883.13,1666.54,2006.03,441.89,231.11,210.78,336.5,7.6484,7.7786,0.1302,15.427,6.042134,4470.346969,1,1,0.0,0,SAFE
4357.6959,3773.65,951.67,1960.46,215.4,943.69,728.29,579.55,7.7861,7.3803,0.4058,15.1664,8.900523,2836.886193,0,1,0.0,0,SAFE
5983.8274,3537.59,2597.25,4067.67,173.5,232.21,58.71,202.86,7.8058,7.7675,0.0383,15.5733,2.321059,6980.820648,0,1,0.0,0,SAFE
7088.8555,923.14,919.46,6968.09,248.77,805.96,557.19,527.37,7.7654,7.462,0.3034,15.2274,9.631299,3204.926562,1,1,0.0,0,SAFE
6265.3269,5260.05,3347.86,614.84,927.79,826.32,101.47,877.06,7.3788,7.4373,0.0585,14.8161,16.140263,3206.402258,1,1,0.0,0,SAFE
237.995,32.6843,185.9356,144.9183,295.35,295.89,0.5354,295.62,7.7197,7.858382,0.138682,15.578082,2.730972,264.556088,0,1,0.0,0,SAFE
9597.6451,9099.84,2760.08,1299.87,1025.2,247.21,777.99,636.21,7.3343,7.7419,0.4076,15.0762,9.928999,6247.154066,0,1,0.0,0,SAFE
10781.2844,3501.88,10115.72,1282.63,212.79,756.03,543.24,484.41,7.77,7.4845,0.2855,15.2545,6.747348,8522.837823,0,1,0.0,0,SAFE
13026.6334,1346.33,1771.79,12835.16,250.31,168.53,81.78,209.42,7.7741,7.82,0.0459,15.5941,2.435102,11680.369125,0,1,0.0,0,SAFE
229.5573,68.6434,171.0863,136.7995,268.75,267.96,0.7867,268.36,7.7478,7.27858,0.46922,15.02638,5.018163,189.274171,1,1,0.0,0,SAFE
0.6121,0.3978,0.2418,0.3974,907.89,911.95,4.0604,909.92,7.3885,7.721331,0.332831,15.109831,8.466656,0.379508,0,1,0.0,1,HIGH
10816.1809,8925.99,3950.36,4659.52,874.73,248.43,626.3,561.58,7.4205,7.7678,0.3473,15.1883,8.074501,7431.600967,0,1,0.0,0,SAFE
10496.4838,8829.77,5098.66,2492.99,207.04,416.21,209.17,311.62,7.7847,7.6619,0.1228,15.4466,3.610123,11208.906966,0,1,0.0,0,SAFE
12990.8154,8766.24,4118.98,8657.27,347.82,229.37,118.45,288.6,7.7115,7.765,0.0535,15.4765,5.315812,10081.433102,1,1,0.0,0,SAFE
3.9915,1.8897,2.4462,2.5253,957.78,953.93,3.8524,955.85,7.3611,7.108738,0.252362,14.469838,9.074271,2.408851,0,1,0.0,1,MEDIUM
5160.4181,67.3,5074.23,936.79,406.83,248.85,157.98,327.84,7.6406,7.7556,0.115,15.3962,5.878247,4347.534608,1,1,0.0,0,SAFE
631.7515,248.4221,140.6613,563.5697,220.99,220.21,0.7827,220.6,7.7629,7.659889,0.103011,15.422789,0.085,3336.611418,0,0,0.0,0,SAFE
8316.9589,3975.59,6073.69,4059.16,441.71,231.67,210.04,336.69,7.6433,7.7646,0.1213,15.4079,6.044175,6496.311912,1,1,0.0,0,SAFE
9469.879,6810.75,2814.78,5947.21,276.7,261.72,14.98,269.21,7.7106,7.7491,0.0385,15.4597,2.508424,10892.635084,0,1,0.0,0,SAFE
5150.0855,3827.0322,3419.0312,432.9331,663.6,661.17,2.4348,662.38,7.5429,7.365066,0.177834,14.907966,5.796851,4401.073853,0,1,0.0,0,SAFE
13656.5188,9038.06,7216.03,7262.43,625.03,682.82,57.79,653.92,7.5647,7.5186,0.0461,15.0833,11.325212,7680.616088,1,1,0.0,0,SAFE
0.042,0.0056,0.0186,0.0373,935.91,933.01,2.8958,934.46,7.3621,7.129569,0.232531,14.491669,8.805309,0.021898,0,1,0.0,1,CRITICAL
6747.9393,888.15,1540.18,6509.51,360.42,300.9,59.52,330.66,7.6704,7.7283,0.0579,15.3987,5.872494,3989.629802,1,1,0.0,0,SAFE
1929.271,1162.3117,1209.869,952.5414,949.77,950.71,0.9371,950.24,7.3496,7.472555,0.122955,14.822155,8.97529,1234.423012,0,1,0.0,0,SAFE
6822.952,2302.7,1554.08,6231.78,407.2,931.59,524.39,669.39,7.6566,7.369,0.2876,15.0256,12.207963,2948.821411,1,1,0.0,0,SAFE
0.9118,0.1233,0.483,0.7635,751.78,754.31,2.5336,753.05,7.4764,7.673891,0.197491,15.150291,6.702051,0.567317,0,1,0.0,1,HIGH
4532.0801,4034.96,1197.13,1680.99,185.98,220.14,34.16,203.06,7.8165,7.7654,0.0511,15.5819,0.085,30797.647048,0,0,0.0,0,SAFE
1215.3065,442.39,859.38,736.7,320.88,1535.62,1214.74,928.25,7.7023,7.1332,0.5691,14.8355,20.474769,493.955622,1,1,0.0,0,SAFE
3.3875,3.1243,0.8288,1.0133,335.53,333.93,1.5997,334.73,7.7237,7.673461,0.050239,15.397161,3.009469,3.924252,0,1,0.0,1,MEDIUM
9324.3177,6108.07,6103.05,3519.54,217.77,303.25,85.48,260.51,7.808,7.7248,0.0832,15.5328,4.931718,8306.273433,1,1,0.0,0,SAFE
11831.677,3677.98,6842.44,8924.24,814.53,868.68,54.15,841.61,7.4562,7.3959,0.0603,14.8521,15.305415,5156.148457,1,1,0.0,0,SAFE
3597.5836,3334.2757,609.5949,1205.6562,308.62,313.47,4.8531,311.05,7.7222,7.283934,0.438266,15.006134,2.821432,4275.436301,0,1,0.0,0,SAFE
15.1937,0.6528,9.0163,12.2119,970.35,965.83,4.5239,968.09,7.3623,7.053246,0.309054,14.415546,9.230699,8.254834,0,1,0.0,0,LOW
695.2302,645.4269,245.3941,80.9372,174.3,169.51,4.7884,171.91,7.8031,7.385861,0.417239,15.188961,1.974892,1016.038567,0,1,0.0,0,SAFE
1.4312185481388368e+22,6.579326964633604e+21,1.1112159919904095e+22,6.170171137058206e+21,1.4312185481388368e+22,186.67,1.4312185481388368e+22,7.156092740694184e+21,0.0,7.8036,7.8036,7.8036,8.705642763280719e+38,946.966345,1,1,0.0,0,SAFE
349.1248,77.7576,230.7853,250.16,360.59,360.79,0.1952,360.69,7.7221,7.942216,0.220116,15.664316,3.190114,340.685671,0,1,0.0,0,SAFE
8044.3004,1479.29,2666.11,7444.08,222.7,210.77,11.93,216.74,7.7626,7.7855,0.0229,15.5481,4.366829,5746.07748,1,1,0.0,0,SAFE
6030.7838,1266.77,4109.58,4228.12,463.37,319.19,144.18,391.28,7.6301,7.7181,0.088,15.3482,6.796405,4066.069464,1,1,0.0,0,SAFE
282.8542,280.8602,20.2528,26.7194,235.95,240.89,4.9401,238.42,7.7817,7.400942,0.380758,15.182642,2.344395,379.89414,0,1,0.0,0,SAFE
182.1551,151.4907,11.892,100.4472,868.49,868.5,0.0066,868.49,7.433,7.725661,0.292661,15.158661,15.918579,85.802725,1,1,0.0,0,SAFE
0.0478,0.0366,0.0277,0.0134,619.66,618.45,1.2115,619.05,7.5461,7.383615,0.162485,14.929715,10.644404,0.029512,1,1,0.0,1,CRITICAL
1592.6512,644.44,1409.06,368.49,243.98,207.34,36.64,225.66,7.7439,7.795,0.0511,15.5389,2.394902,2089.851499,0,1,0.0,0,SAFE
13482.7927,1416.86,13392.19,653.8,203.02,825.71,622.69,514.37,7.7872,7.4674,0.3198,15.2546,7.511905,10134.805813,0,1,0.0,0,SAFE
11088.576,2550.68,10332.14,3114.07,190.18,296.56,106.38,243.37,7.7968,7.7254,0.0714,15.5222,2.739158,13506.176286,0,1,0.0,0,SAFE
0.0531,0.0295,0.0437,0.0069,465.86,464.05,1.8107,464.95,7.6083,7.207242,0.401058,14.815542,4.007264,0.054444,0,1,0.0,1,CRITICAL
8545.0174,547.6,1497.87,8394.87,207.84,293.53,85.69,250.69,7.7851,7.7216,0.0635,15.5067,2.718682,7275.988631,0,1,0.0,0,SAFE
1401.9714,661.2765,570.3991,1096.7597,262.73,260.09,2.639,261.41,7.7495,8.013326,0.263826,15.762826,4.927855,1057.738534,1,1,0.0,0,SAFE
42.0662,28.493,23.0302,20.6717,911.78,914.0,2.2213,912.89,7.4119,7.48465,0.07275,14.89655,8.513272,27.656589,0,1,0.0,0,LOW
0.559,0.373,0.084,0.4077,307.28,310.44,3.1572,308.86,7.7192,7.323397,0.395803,15.042597,5.561165,0.410104,1,1,0.0,1,HIGH
0.7348,0.4487,0.4979,0.3013,679.01,680.78,1.7704,679.9,7.5105,7.384204,0.126296,14.894704,11.833305,0.419318,1,1,0.0,1,HIGH
10264.0769,6214.45,1120.26,8091.78,395.48,261.14,134.34,328.31,7.6553,7.7414,0.0861,15.3967,5.870179,7066.678617,1,1,0.0,0,SAFE
7738.0463,2528.67,4216.13,5975.57,219.92,453.23,233.31,336.57,7.775,7.6242,0.1508,15.3992,3.904252,6601.947066,0,1,0.0,0,SAFE
8356.4943,8151.0879,291.0696,1818.2522,244.22,244.26,0.0424,244.24,7.7525,7.392295,0.360205,15.144795,2.396688,10980.572811,0,1,0.0,0,SAFE
136.4766,28.1635,133.1039,10.7717,788.7,785.83,2.8675,787.27,7.4889,7.354305,0.134595,14.843205,14.08498,74.837907,1,1,0.0,0,SAFE
13130.3717,11007.43,3359.42,6321.19,232.95,304.34,71.39,268.64,7.7831,7.694,0.0891,15.4771,5.032759,11262.584354,1,1,0.0,0,SAFE
0.0158,0.0068,0.0138,0.0035,975.22,973.49,1.7308,974.35,7.3466,7.216605,0.129995,14.563205,0.085,0.11022,0,0,0.0,1,CRITICAL
945.8992,307.4438,403.2103,798.5143,167.59,171.66,4.0696,169.62,7.8187,7.85902,0.04032,15.67772,1.959788,1082.638242,0,1,0.0,0,SAFE
9623.6413,8928.26,2979.31,2006.08,301.59,879.04,577.45,590.31,7.7097,7.4417,0.268,15.1514,2.773323,11768.668944,0,1,0.0,0,SAFE
10753.0364,8862.71,3788.21,4767.56,214.8,277.05,62.25,245.93,7.7866,7.7106,0.076,15.4972,4.737669,9612.385203,1,1,0.0,0,SAFE
41.7308,8.271,25.6645,31.8494,971.44,968.44,3.0045,969.94,7.3618,7.532002,0.170202,14.893802,18.366113,16.509828,1,1,0.0,0,LOW
41.4262,26.9105,31.4802,0.9775,227.71,227.77,0.0588,227.74,7.767,7.637192,0.129808,15.404192,2.293502,56.383661,0,1,0.0,0,LOW
10482.3312,4340.87,8767.88,3763.03,958.86,201.54,757.32,580.2,7.3608,7.7777,0.4169,15.1385,0.085,71418.618316,0,0,0.0,0,SAFE
1028.8308,316.7692,792.3921,574.6868,187.51,184.01,3.5042,185.76,7.797,7.632918,0.164082,15.429918,2.051348,1346.424256,0,1,0.0,0,SAFE
2741.996,2645.69,500.47,518.07,307.54,213.73,93.81,260.63,7.7246,7.7853,0.0607,15.5099,2.207495,3766.705566,0,1,0.0,0,SAFE
12761.6625,7674.93,5785.65,8395.34,876.61,1058.15,181.54,967.38,7.4207,7.3276,0.0931,14.7483,18.372268,5349.387968,1,1,0.0,0,SAFE
165.728,77.2558,55.3508,135.7704,284.42,287.67,3.2522,286.05,7.7069,7.926895,0.219995,15.633795,2.657588,165.969695,0,1,0.0,0,SAFE
36.0255,34.2553,7.1106,8.5937,194.32,196.04,1.7218,195.18,7.8126,8.308527,0.495927,16.121127,2.091341,50.537837,0,1,0.0,0,LOW
0.5619,0.5389,0.0184,0.1579,287.67,290.32,2.6467,288.99,7.7464,7.761746,0.015346,15.508146,2.679302,0.691948,0,1,0.0,1,HIGH
9575.876,6213.23,5747.02,4479.39,353.66,164.45,189.21,259.06,7.6768,7.812,0.1352,15.4888,3.139625,10442.125224,0,1,0.0,0,SAFE
7252.8623,2915.0123,5511.9983,3704.6713,369.29,371.09,1.7967,370.19,7.7162,7.489325,0.226875,15.205525,6.436442,5449.762438,1,1,0.0,0,SAFE
1872.7751,435.6726,1144.6781,1416.7527,1157.9,1158.1,0.2033,1158.0,7.2709,7.240474,0.030426,14.511374,23.366241,659.625086,1,1,0.0,0,SAFE
9345.5632,1282.08,8190.22,4314.64,249.7,550.86,301.16,400.28,7.7657,7.5961,0.1696,15.3618,7.082017,6797.569261,1,1,0.0,0,SAFE
5775.6611,3851.44,2619.94,3414.76,293.47,464.44,170.97,378.96,7.7269,7.6063,0.1206,15.3332,6.628891,4151.35548,1,1,0.0,0,SAFE
939.9458,462.341,509.7573,640.2237,299.16,295.58,3.5764,297.37,7.7126,8.209524,0.496924,15.922124,2.756791,1005.47842,0,1,0.0,0,SAFE
6423.5236,5324.9052,2939.1633,2066.001,201.3,197.55,3.7493,199.43,7.7771,7.577452,0.199648,15.354552,0.085,44096.680454,0,0,0.0,0,SAFE
104.7018,34.976,66.4295,72.9812,169.46,171.63,2.1746,170.55,7.8141,7.592374,0.221726,15.406474,1.947251,132.166583,0,1,0.0,0,SAFE
0.8522,0.0741,0.6517,0.544,1067.69,1067.25,0.4403,1067.47,7.3442,7.279284,0.064916,14.623484,10.487521,0.477143,0,1,0.0,1,HIGH
29.3978,23.9395,10.6149,13.3586,211.59,213.0,1.41,212.3,7.779,7.671274,0.107726,15.450274,0.085,195.587557,0,0,0.0,0,LOW
14.8078,7.5836,8.8585,9.1262,168.28,168.15,0.125,168.22,7.8134,7.780248,0.033152,15.593648,3.795374,13.918457,1,1,0.0,0,LOW
0.2751,0.1802,0.1404,0.1532,197.96,195.94,2.0229,196.95,7.7787,7.624929,0.153771,15.403629,4.128775,0.253914,1,1,0.0,1,HIGH
7844.5965,5347.19,5479.15,1710.02,201.01,205.48,4.47,203.25,7.7999,7.7751,0.0248,15.575,0.085,54732.602724,0,0,0.0,0,SAFE
28.8749,11.1019,14.1329,22.6003,109.43,107.68,1.7482,108.56,7.8616,7.49677,0.36483,15.35837,1.620971,37.97412,0,1,0.0,0,LOW
0.016,0.007,0.0139,0.0037,583.31,584.5,1.1926,583.91,7.6098,7.42395,0.18585,15.03375,9.986253,0.010261,1,1,0.0,1,CRITICAL
1300.5222,217.5438,1065.2759,713.5966,349.15,349.05,0.1046,349.1,7.6958,7.80294,0.10714,15.49874,6.128219,988.323857,1,1,0.0,0,SAFE
1660.5847,73.5506,349.1012,1621.8077,646.84,645.54,1.3004,646.19,7.5375,7.266328,0.271172,14.803828,5.632278,989.014802,0,1,0.0,0,SAFE
895.4249,461.8908,390.3222,660.372,277.69,278.1,0.406,277.89,7.7126,7.244415,0.468185,14.957015,2.612907,953.976067,0,1,0.0,0,SAFE
20.4772,20.0212,4.2024,0.8981,646.78,648.62,1.8446,647.7,7.5378,7.214285,0.323515,14.752085,11.196382,12.609382,1,1,0.0,0,LOW
10376.1692,8470.05,5623.79,2072.71,334.8,319.68,15.12,327.24,7.7079,7.747,0.0391,15.4549,5.817257,8770.098375,1,1,0.0,0,SAFE
0.1238,0.1233,0.0053,0.0098,291.93,289.52,2.4137,290.72,7.7394,7.503233,0.236167,15.242633,5.314579,0.110526,1,1,0.0,1,HIGH
329.7281,317.426,6.48,88.9909,267.88,272.15,4.2672,270.01,7.7558,7.953899,0.198099,15.709699,5.039867,296.599712,1,1,0.0,0,SAFE
11812.6781,175.78,5780.14,10300.41,206.27,239.96,33.69,223.12,7.769,7.8024,0.0334,15.5714,4.447022,8776.391405,1,1,0.0,0,SAFE
12629.178,2362.02,12334.22,1335.67,313.92,374.89,60.97,344.4,7.7243,7.6899,0.0344,15.4142,6.068568,10535.92987,1,1,0.0,0,SAFE
9302.572,999.399,5652.6127,7320.3153,392.69,392.97,0.2786,392.83,7.6791,7.5823,0.0968,15.2614,3.429306,8387.652241,0,1,0.0,0,SAFE
11942.1754,2103.33,98.24,11755.08,256.28,182.41,73.87,219.34,7.7495,7.7966,0.0471,15.5461,2.473328,10637.127647,0,1,0.0,0,SAFE
4744.5785,2641.4,2248.51,3237.01,844.46,268.39,576.07,556.42,7.4137,7.7458,0.3321,15.1595,10.191483,2638.160058,1,1,0.0,0,SAFE
20.6385,6.3636,13.349,14.3964,230.84,233.73,2.8926,232.29,7.7601,7.551424,0.208676,15.311524,4.558085,17.023449,1,1,0.0,0,LOW
1430.4393,197.2846,1334.6104,475.4478,200.12,198.27,1.8519,199.19,7.7869,7.448407,0.338493,15.235307,0.085,9799.420803,0,0,0.0,0,SAFE
8527.2044,1826.6127,8228.6782,1290.5642,343881.15,343876.86,4.292,343879.0,0.9494,0.969684,0.020284,1.919084,1008073.636515,17.396985,1,1,0.0,0,SAFE
0.4687,0.0364,0.3629,0.2943,240.01,243.94,3.9342,241.98,7.7715,7.322552,0.448948,15.094052,2.369863,0.554633,0,1,0.0,1,HIGH
12367.6413,8656.73,3413.86,8146.48,548.7,849.87,301.17,699.29,7.6188,7.4372,0.1816,15.056,7.786633,7960.038996,0,1,0.0,0,SAFE
12901.4891,1679.39,7562.82,10316.58,177.03,264.88,87.85,220.95,7.8159,7.7762,0.0397,15.5921,4.434497,10141.725921,1,1,0.0,0,SAFE
1209.4446,562.2728,1051.8624,200.4772,174.77,170.2,4.5708,172.48,7.814,8.255386,0.441386,16.069386,3.844046,1261.96096,1,1,0.0,0,SAFE
7104.8105,2312.71,589.5,6691.95,216.79,548.5,331.71,382.64,7.7802,7.5917,0.1885,15.3719,6.855846,3983.623586,1,1,0.0,0,SAFE
269.99,30.6491,23.7737,267.1891,684.67,686.6,1.9252,685.63,7.5208,7.067915,0.452885,14.588715,11.948668,108.723273,1,1,0.0,0,SAFE
3.4902,1.9149,0.8567,2.7894,711.36,707.48,3.8789,709.42,7.5218,7.753575,0.231775,15.275375,6.27892,2.306399,0,1,0.0,1,MEDIUM
8854.0867,4155.49,6378.2,4521.65,174.02,204.02,30.0,189.02,7.8026,7.781,0.0216,15.5836,4.037275,8400.505768,1,1,0.0,0,SAFE
270.3516,87.4813,197.1217,163.0339,241.66,242.67,1.0134,242.17,7.7481,7.767082,0.018982,15.515182,0.085,1707.678331,0,0,0.0,0,SAFE
12139.831,4044.88,3688.36,10835.61,217.95,212.24,5.71,215.09,7.7897,7.7642,0.0255,15.5539,2.233172,12503.468276,0,1,0.0,0,SAFE
8905.6421,5464.2,4966.42,4978.72,391.9,283.85,108.05,337.88,7.6638,7.7363,0.0725,15.4001,5.992102,6817.993161,1,1,0.0,0,SAFE
9850.2772,6329.49,7387.87,1544.31,684.62,745.26,60.64,714.94,7.5189,7.482,0.0369,15.0009,6.006629,8228.901604,0,1,0.0,0,SAFE
12393.3812,3497.45,2142.05,11695.1,209.97,195.47,14.5,202.72,7.7723,7.7908,0.0185,15.5631,2.098134,12538.210752,0,1,0.0,0,SAFE
12797.8097,170.25,12250.9,3697.35,268.71,346.1,77.39,307.4,7.748,7.7179,0.0301,15.4659,5.553901,10932.537763,1,1,0.0,0,SAFE
0.2825,0.2586,0.0108,0.1132,936.72,937.81,1.0869,937.26,7.3631,7.688517,0.325417,15.051617,17.558675,0.13263,1,1,0.0,1,HIGH
5688.8551,443.53,5046.71,2587.87,298.82,268.87,29.95,283.85,7.7388,7.7555,0.0167,15.4943,5.224416,4827.039511,1,1,0.0,0,SAFE
242.0804,75.3987,217.8392,73.9191,270.17,273.39,3.218,271.78,7.7514,7.961577,0.210177,15.712977,5.062986,215.97371,1,1,0.0,0,SAFE
1748.2527,1054.36,455.59,1318.01,292.64,269.18,23.46,280.91,7.7103,7.7173,0.007,15.4276,5.184643,1309.313427,1,1,0.0,0,SAFE
6320.9825,5761.79,2539.67,553.78,943.96,268.39,675.57,606.17,7.3553,7.7333,0.378,15.0886,11.370636,3856.192931,1,1,0.0,0,SAFE
10482.4344,6224.56,7407.64,4032.76,178.39,605.87,427.48,392.13,7.8041,7.5786,0.2255,15.3827,5.240031,9043.93895,0,1,0.0,0,SAFE
11136.5453,3248.61,8047.07,6979.53,1015.25,829.09,186.16,922.17,7.3312,7.4592,0.128,14.7904,17.265467,4885.401442,1,1,0.0,0,SAFE
2.2572,2.1822,0.3433,0.4638,411.4,415.03,3.6325,413.22,7.6659,7.53032,0.13558,15.19622,7.088721,1.727122,1,1,0.0,1,MEDIUM
0.9131,0.6312,0.2214,0.6216,317.37,313.16,4.215,315.26,7.7219,7.411818,0.310082,15.133718,2.85269,0.960423,0,1,0.0,1,HIGH
5169.7329,4031.3859,2000.7121,2543.8589,263.94,259.05,4.893,261.49,7.7392,8.071721,0.332521,15.810921,0.085,34008.100211,0,0,0.0,0,SAFE
26.0378,4.832,6.0515,24.8596,200.16,202.45,2.2902,201.31,7.8131,7.552836,0.260264,15.365936,4.180556,18.444343,1,1,0.0,0,LOW
8.8183,3.643,0.2221,8.0275,1000.69,1004.17,3.4797,1002.43,7.345,7.596284,0.251284,14.941284,19.187037,3.048702,1,1,0.0,0,LOW
6007.4658,4135.87,4350.78,234.39,339.8,701.61,361.81,520.71,7.6978,7.5089,0.1889,15.2067,9.133805,4096.153108,1,1,0.0,0,SAFE
9123.6732,8719.44,2325.95,1342.66,184.01,297.96,113.95,240.98,7.7848,7.7222,0.0626,15.507,4.694592,8628.530028,1,1,0.0,0,SAFE
8.8842,2.6488,7.6955,3.5625,875.93,875.65,0.2751,875.79,7.4319,7.01532,0.41658,14.44722,8.088529,6.1455,0,1,0.0,0,LOW
0.0094,0.0027,0.0067,0.006,247.88,244.18,3.7048,246.03,7.7479,8.189496,0.441596,15.937396,2.396136,0.01097,0,1,0.0,1,CRITICAL
1547.5964,564.8753,554.6364,1329.7928,907.46,907.26,0.1961,907.36,7.399,7.496845,0.097845,14.895845,16.835675,597.165511,1,1,0.0,0,SAFE
7.0241,5.888,3.6195,1.2529,247.67,250.68,3.0059,249.17,7.749,7.671048,0.077952,15.420048,0.085,49.227125,0,0,0.0,0,LOW
4787.9664,4554.65,788.31,1248.34,220.36,252.47,32.11,236.42,7.7909,7.7584,0.0325,15.5493,2.448897,6187.295031,0,1,0.0,0,SAFE
362.039,59.2893,215.4233,284.8681,203.97,199.91,4.0639,201.94,7.7749,7.395531,0.379369,15.170431,0.085,2073.511347,0,0,0.0,0,SAFE
0.1024,0.0516,0.0814,0.0345,237.04,235.4,1.6374,236.22,7.7596,7.813504,0.053904,15.573104,0.085,0.700972,0,0,0.0,1,HIGH
2830.2691,2024.8661,1753.5857,913.9351,871.76,872.45,0.6913,872.11,7.3971,7.563588,0.166488,14.960688,8.039833,1997.286088,0,1,0.0,0,SAFE
10877.8691,2255.63,7206.77,7829.6,687.43,1278.9,591.47,983.16,7.5134,7.2145,0.2989,14.7279,19.44152,4292.086611,1,1,0.0,0,SAFE
12446.3916,5338.29,9383.09,6194.59,829.4,249.19,580.21,539.29,7.4455,7.756,0.3105,15.2015,9.896508,7574.387979,1,1,0.0,0,SAFE
5396.3313,2789.73,4513.18,984.38,967.84,271.14,696.7,619.49,7.3672,7.736,0.3688,15.1032,9.199356,3633.812303,0,1,0.0,0,SAFE
41.1903,20.4708,28.235,21.9174,216.61,212.64,3.9682,214.63,7.803,7.830053,0.027053,15.633053,2.225002,52.259086,0,1,0.0,0,LOW
0.047,0.0184,0.0332,0.0278,984.1,980.78,3.316,982.44,7.33,7.606589,0.276589,14.936589,9.403349,0.028374,0,1,0.0,1,CRITICAL
3820.1875,880.27,3706.51,284.15,1015.18,1103.32,88.14,1059.25,7.3469,7.3213,0.0256,14.6682,20.682223,1729.068019,1,1,0.0,0,SAFE
9973.9562,9375.81,929.1,3272.73,299.24,600.39,301.15,449.81,7.7344,7.5757,0.1587,15.3101,7.860982,7110.990514,1,1,0.0,0,SAFE
10370.7393,662.83,9116.6,4899.03,254.89,299.54,44.65,277.22,7.7523,7.7292,0.0231,15.4815,5.138773,8827.406362,1,1,0.0,0,SAFE
4.0956,1.0483,1.8637,3.4931,231.46,232.18,0.7173,231.82,7.7617,7.549554,0.212146,15.311254,4.552248,3.054779,1,1,0.0,1,MEDIUM
2284.9172,2018.3237,25.3419,1070.7818,219.25,216.84,2.4078,218.05,7.772,7.790956,0.018956,15.562956,0.085,15139.123324,0,0,0.0,0,SAFE
75.2117,3.927,9.7438,74.4745,184.47,184.76,0.2886,184.61,7.809,8.173913,0.364913,15.982913,2.033622,73.36449,0,1,0.0,0,SAFE
42.7717,40.6636,6.7541,11.4136,290.85,291.04,0.1885,290.94,7.7265,7.742648,0.016148,15.469148,5.317539,37.474017,1,1,0.0,0,LOW
7096.1952,6620.08,1225.63,2242.4,598.2,213.9,384.3,406.05,7.5569,7.7697,0.2128,15.3266,0.085,48765.99931,0,0,0.0,0,SAFE
1.8878,1.7918,0.4896,0.3372,187.01,182.92,4.0926,184.96,7.815,8.311486,0.496486,16.126486,2.048427,2.695016,0,1,0.0,1,MEDIUM
12068.0533,39.34,10831.54,5321.1,190.24,184.37,5.87,187.31,7.7944,7.8,0.0056,15.5944,2.03304,16479.317896,0,1,0.0,0,SAFE
5789.6288,888.6695,2660.4509,5064.7872,215.89,212.61,3.2811,214.25,7.7803,7.422362,0.357938,15.202662,2.220619,6072.718474,0,1,0.0,0,SAFE
0.0895,0.025,0.0859,0.0027,276.76,276.27,0.4855,276.52,7.7105,8.111194,0.400694,15.821694,2.603559,0.114353,0,1,0.0,1,CRITICAL
17.0002,15.6527,4.7941,4.5844,858.73,860.68,1.9463,859.7,7.405,7.058106,0.346894,14.463106,7.888626,12.223426,0,1,0.0,0,LOW
1.0589029094506224e+29,2.028424350487521e+27,9.244107520666869e+28,5.1607042404300825e+28,1.0589029094506224e+29,307.56,1.0589029094506224e+29,5.294514547253112e+28,0.0,7.7011,7.7011,7.7011,4.76542032948272e+52,931.688135,1,1,0.0,0,SAFE
1545.1115,79.6052,1138.2123,1041.8758,213.35,211.84,1.509,212.6,7.7863,7.954752,0.168452,15.741052,4.31624,1325.491496,1,1,0.0,0,SAFE
594.1126,275.1421,526.4334,11.5949,688.13,692.75,4.6156,690.44,7.5288,7.587538,0.058738,15.116338,12.045753,352.858268,1,1,0.0,0,SAFE
0.0738,0.0486,0.0483,0.0275,943.53,939.28,4.2519,941.4,7.359,7.035168,0.323832,14.394168,8.89856,0.049019,0,1,0.0,1,CRITICAL
2.6838,0.2944,0.3366,2.6463,384.45,379.77,4.6831,382.11,7.6687,7.920052,0.251352,15.588752,3.36707,2.044721,0,1,0.0,1,MEDIUM
1071.832,554.7813,909.2495,119.6109,171.86,175.58,3.7232,173.72,7.8323,7.41474,0.41756,15.24704,1.982254,1563.990027,0,1,0.0,0,SAFE
3839.328,1003.12,3589.4,922.17,1020.97,187.22,833.75,604.1,7.3386,7.809,0.4704,15.1476,11.83889,2263.187201,1,1,0.0,0,SAFE
6951.7209,4548.82,4817.12,2104.76,743.53,294.1,449.43,518.82,7.4954,7.7344,0.239,15.2298,9.252087,4590.042919,1,1,0.0,0,SAFE
8047.5116,6368.38,3088.05,3830.16,189.71,386.3,196.59,288.0,7.7976,7.7109,0.0867,15.5085,5.360217,6699.755426,1,1,0.0,0,SAFE
2532.8618,35.95,2416.23,758.9,175.31,299.22,123.91,237.27,7.8254,7.7143,0.1111,15.5397,4.652884,2359.58417,1,1,0.0,0,SAFE
0.0709,0.043,0.0146,0.0544,354.86,351.28,3.5809,353.07,7.6741,7.601713,0.072387,15.275813,6.185713,0.048157,1,1,0.0,1,CRITICAL
5805.655,3911.6015,3908.79,1768.1529,195.14,195.24,0.099,195.19,7.7994,7.885749,0.086349,15.685149,4.107952,5751.017616,1,1,0.0,0,SAFE
4486.1784,58.9881,4443.3449,615.632,213.2,218.03,4.8251,215.61,7.8046,7.790412,0.014188,15.595012,4.352911,4409.581134,1,1,0.0,0,SAFE
2.3788,0.404,1.9255,1.3373,287.64,286.31,1.3303,286.97,7.7011,7.551133,0.149967,15.252233,5.264304,1.940732,1,1,0.0,1,MEDIUM
11136.4412,10791.57,847.5,2616.12,176.19,719.08,542.89,447.63,7.8045,7.5161,0.2884,15.3206,1.98574,16040.508513,0,1,0.0,0,SAFE
4885.8712,1847.5656,4386.5552,1102.8925,185.51,180.95,4.5597,183.23,7.791,8.09962,0.30862,15.89062,3.967873,4984.503172,1,1,0.0,0,SAFE
0.6206,0.6205,0.0014,0.0123,215.52,211.3,4.2173,213.41,7.7732,7.77999,0.00679,15.55319,0.085,4.387755,0,0,0.0,1,HIGH
8.758,8.6244,0.6982,1.3546,265.54,261.03,4.5057,263.29,7.7503,7.3373,0.413,15.0876,2.533219,11.268309,0,1,0.0,0,LOW
5815.7944,68.75,3748.41,4446.14,249.06,409.76,160.7,329.41,7.7694,7.6612,0.1082,15.4306,5.902205,4055.517984,1,1,0.0,0,SAFE
10777.7198,6389.39,7865.8,3669.35,273.61,792.91,519.3,533.26,7.7702,7.439,0.3312,15.2092,9.647877,6919.13408,1,1,0.0,0,SAFE
7907.907,4328.4453,6496.4624,1263.1427,316.15,317.18,1.028,316.66,7.7221,7.674341,0.047759,15.396441,5.668993,6798.342939,1,1,0.0,0,SAFE
0.0159,0.0127,0.0029,0.009,181.43,184.48,3.0521,182.96,7.8038,7.421923,0.381877,15.225723,2.015974,0.020875,0,1,0.0,1,CRITICAL
2514.3543,85.99,2511.84,72.41,183.8,240.74,56.94,212.27,7.8292,7.7598,0.0694,15.589,4.319182,2493.561601,1,1,0.0,0,SAFE
12221.6722,9233.1,2761.58,7516.17,258.84,877.51,618.67,568.17,7.7321,7.4114,0.3207,15.1435,8.107019,7864.590762,0,1,0.0,0,SAFE
0.2015,0.1694,0.0867,0.066,287.67,285.44,2.232,286.55,7.7343,7.915269,0.180969,15.649569,5.258682,0.175635,1,1,0.0,1,HIGH
0.6612,0.5979,0.0003,0.2822,355.66,354.3,1.3559,354.98,7.701,7.56492,0.13608,15.26592,6.213456,0.518421,1,1,0.0,1,HIGH
7998.8949,3224.2134,377.8393,7310.5407,383.46,380.16,3.2996,381.81,7.6911,7.770523,0.079423,15.461623,6.609531,4695.701774,1,1,0.0,0,SAFE
74.2132,58.9268,45.0934,1.3494,240.71,245.63,4.916,243.17,7.7557,8.062216,0.306516,15.817916,2.374268,99.28206,0,1,0.0,0,SAFE
0.0581,0.0211,0.0184,0.051,984.08,984.41,0.3322,984.25,7.3544,7.148892,0.205508,14.503292,9.403097,0.029578,0,1,0.0,1,CRITICAL
12837.752,4227.77,197.98,12120.01,180.02,759.22,579.2,469.62,7.7912,7.4745,0.3167,15.2657,6.781449,7220.947945,0,1,0.0,0,SAFE
1.1117,1.0348,0.3224,0.2468,467.5,468.31,0.808,467.9,7.6444,7.313457,0.330943,14.957857,0.085,7.752202,0,0,0.0,1,MEDIUM
9570.6809,8837.7781,3315.1891,1581.4967,740.18,741.28,1.1009,740.73,7.4873,7.450182,0.037118,14.937482,6.579197,7633.637554,0,1,0.0,0,SAFE
3955.0436,176.6623,976.6784,3828.4801,419.78,418.54,1.2365,419.16,7.6514,8.070681,0.419281,15.722081,3.63798,2959.913176,0,1,0.0,0,SAFE
14114.0398,10456.54,7690.48,5542.87,804.82,618.31,186.51,711.57,7.4675,7.5564,0.0889,15.0239,12.550983,7853.357166,1,1,0.0,0,SAFE
11951.9006,210.96,8027.51,8852.26,405.39,405.02,0.37,405.2,7.6464,7.6578,0.0114,15.3042,6.964867,7784.693907,1,1,0.0,0,SAFE
45.391,20.0899,30.9836,26.3961,247.99,251.81,3.8206,249.9,7.7507,7.777694,0.026994,15.528394,2.444681,53.934259,0,1,0.0,0,LOW
953.5634,757.2322,350.3002,461.7059,281.03,284.13,3.0964,282.58,7.7439,8.223289,0.479389,15.967189,0.085,6288.299101,0,0,0.0,0,SAFE
8836.6956,3520.8,4176.73,6945.94,1010.81,436.19,574.62,723.5,7.3514,7.6491,0.2977,15.0005,13.425744,4029.168446,1,1,0.0,0,SAFE
191.4026,163.3546,64.9471,75.7105,229.54,232.09,2.5541,230.82,7.7545,7.56712,0.18738,15.32162,2.304472,248.37608,0,1,0.0,0,SAFE
3.6757,3.253,1.5758,0.6672,170.37,174.91,4.5394,172.64,7.8048,8.151309,0.346509,15.956109,0.085,25.751847,0,0,0.0,1,MEDIUM
4.1075,2.7204,1.5915,2.6341,1167.4,1163.99,3.4145,1165.69,7.2466,7.121697,0.124903,14.368297,23.58355,1.531586,1,1,0.0,1,MEDIUM
7924.0432,2228.251,4641.2499,6023.6332,200.61,197.12,3.4889,198.87,7.7999,7.836064,0.036164,15.635964,4.151537,6606.339665,1,1,0.0,0,SAFE
21.7511,10.3098,9.0911,16.8574,736.72,736.16,0.5594,736.44,7.4703,7.895731,0.425431,15.366031,12.99467,10.153879,1,1,0.0,0,LOW
0.0143,0.0054,0.011,0.0074,1122.04,1117.97,4.0727,1120.0,7.2913,7.115975,0.175325,14.407275,22.307536,0.005743,1,1,0.0,1,CRITICAL
12194.9004,8585.73,8637.4,629.41,293.63,396.23,102.6,344.93,7.7331,7.6633,0.0698,15.3964,6.090576,10179.39407,1,1,0.0,0,SAFE
1090.6151,503.7986,961.6105,104.5632,283.39,284.77,1.3807,284.08,7.7364,7.506769,0.229631,15.243169,2.650725,1377.43755,0,1,0.0,0,SAFE
0.8468,0.7514,0.3902,0.0143,172.55,169.29,3.257,170.92,7.8077,7.466737,0.340963,15.274437,0.085,5.987434,0,0,0.0,1,HIGH
0.4112,0.0968,0.0469,0.3968,849.73,846.23,3.4963,847.98,7.4595,7.678156,0.218656,15.137656,15.444995,0.149809,1,1,0.0,1,HIGH
12448.4267,10372.18,5270.09,4428.02,234.08,141.9,92.18,187.99,7.7637,7.8429,0.0792,15.6066,4.041363,12308.859451,1,1,0.0,0,SAFE
385.0278,122.6123,15.0178,364.674,275.04,271.62,3.4248,273.33,7.7503,7.734434,0.015866,15.484734,2.59542,348.958733,0,1,0.0,0,SAFE
0.0859,0.0589,0.0605,0.016,790.68,785.69,4.9935,788.18,7.4854,7.673046,0.187646,15.158446,7.122383,0.06572,0,1,0.0,1,CRITICAL
8112.603,5470.75,4301.53,4169.18,463.24,895.28,432.04,679.26,7.6329,7.4156,0.2173,15.0485,12.21721,4419.90387,1,1,0.0,0,SAFE
0.0319,0.0122,0.0286,0.007,159.9,160.26,0.3596,160.08,7.8403,7.800343,0.039957,15.640643,3.703496,0.03373,1,1,0.0,1,CRITICAL
9156.0913,4303.08,2834.45,7568.58,209.97,188.74,21.23,199.36,7.7849,7.7885,0.0036,15.5734,0.085,50995.046136,0,0,0.0,0,SAFE
12329.3198,12037.82,2219.52,1475.38,238.78,216.28,22.5,227.53,7.7599,7.7849,0.025,15.5448,2.222992,16979.707681,0,1,0.0,0,SAFE
1021.2405,288.7411,969.17,142.3735,542.54,545.16,2.6211,543.85,7.5668,7.950751,0.383951,15.517551,4.685037,967.405515,0,1,0.0,0,SAFE
9134.6941,1448.842,3816.7671,8171.645,232.45,228.78,3.6727,230.61,7.7633,7.949819,0.186519,15.713119,2.322553,9209.011558,0,1,0.0,0,SAFE
13108.8806,154.79,10329.25,8070.03,829.49,638.43,191.06,733.96,7.4738,7.5351,0.0613,15.0089,13.020158,6654.499842,1,1,0.0,0,SAFE
9386.1532,733.96,7533.99,5549.79,218.28,294.1,75.82,256.19,7.7705,7.7199,0.0506,15.4904,4.872714,7868.709434,1,1,0.0,0,SAFE
12986.3062,5888.12,10946.54,3761.31,219.15,307.09,87.94,263.12,7.8051,7.7009,0.1042,15.506,2.810926,15591.640458,0,1,0.0,0,SAFE
12989.9358,10688.86,4079.83,6151.56,876.44,307.03,569.41,591.74,7.4194,7.73,0.3106,15.1494,10.820009,7617.164739,1,1,0.0,0,SAFE
1753.5029,1035.934,1031.1888,968.6396,274.81,274.68,0.1323,274.74,7.7642,7.585089,0.179111,15.349289,2.593905,2045.439711,0,1,0.0,0,SAFE
1704.1439,1063.7019,1174.5938,626.8765,190.7,186.29,4.4069,188.5,7.7926,7.45026,0.34234,15.24286,2.070033,2348.235789,0,1,0.0,0,SAFE
197.577,111.967,162.0978,14.9785,647.92,645.64,2.2837,646.78,7.51,7.059091,0.450909,14.569091,5.620551,171.5327,0,1,0.0,0,SAFE
9370.2504,755.61,9337.33,211.93,270.56,213.02,57.54,241.79,7.7214,7.7717,0.0503,15.4931,4.684181,8924.155051,1,1,0.0,0,SAFE
437.546,138.6795,173.3858,377.0304,175.04,174.5,0.541,174.77,7.7934,7.709131,0.084269,15.502531,3.870169,351.442396,1,1,0.0,0,SAFE
0.0286,0.001,0.0099,0.0269,211.21,210.13,1.076,210.67,7.7816,7.411992,0.369608,15.193592,4.292967,0.020374,1,1,0.0,1,CRITICAL
0.0655,0.0245,0.044,0.042,169.15,170.07,0.9197,169.61,7.8232,7.762457,0.060743,15.585657,1.950722,0.085022,0,1,0.0,1,CRITICAL
10300.5064,4580.43,7868.19,4817.85,674.17,215.37,458.8,444.77,7.5279,7.779,0.2511,15.3069,5.90187,8192.555539,0,1,0.0,0,SAFE
0.069,0.0098,0.0665,0.0156,225.43,225.95,0.5209,225.69,7.7715,7.339463,0.432037,15.110963,2.279057,0.09284,0,1,0.0,1,CRITICAL
1910.8461,1456.86,975.63,759.63,426.55,914.46,487.91,670.5,7.6317,7.3944,0.2373,15.0261,12.151566,1079.318848,1,1,0.0,0,SAFE
2198.3582,2135.2206,521.5564,39.883,980.44,980.59,0.1522,980.52,7.3355,7.508867,0.173367,14.844367,9.359151,1481.272589,0,1,0.0,0,SAFE
1755.5673,947.1695,940.3804,1140.4259,282.86,279.3,3.5645,281.08,7.7403,7.758541,0.018241,15.498841,2.647197,1946.297586,0,1,0.0,0,SAFE
18.1996,14.317,10.8026,3.0908,306.25,306.63,0.3775,306.44,7.7163,7.81519,0.09889,15.53149,5.52792,15.829547,1,1,0.0,0,LOW
6584.6406,3956.1873,868.4859,5191.5129,177.36,179.44,2.0752,178.4,7.8027,8.159567,0.356867,15.962267,2.004437,7757.774165,0,1,0.0,0,SAFE
2894.9235,2283.5728,1692.6453,548.4788,248.61,253.53,4.9244,251.07,7.7427,8.063761,0.321061,15.806461,2.45571,3770.238925,0,1,0.0,0,SAFE
2838.3389,1880.9499,0.0392,2125.6046,275.47,277.25,1.7787,276.36,7.7408,7.960184,0.219384,15.700984,2.598253,3011.937665,0,1,0.0,0,SAFE
9904.9983,8683.74,984.09,4661.89,723.36,916.61,193.25,819.99,7.5119,7.3947,0.1172,14.9066,8.571332,6531.423632,0,1,0.0,0,SAFE
1.0002,0.0103,0.7632,0.6464,293.49,296.22,2.7254,294.85,7.7335,7.520823,0.212677,15.254323,5.370238,0.77974,1,1,0.0,1,MEDIUM
1488.0257,775.8277,1097.2729,638.9869,239.8,239.57,0.2285,239.69,7.7731,8.217215,0.444115,15.990315,0.085,9968.412379,0,0,0.0,0,SAFE
9244.887,8912.86,1489.26,1952.17,168.6,596.7,428.1,382.65,7.7982,7.5587,0.2395,15.3569,0.085,64556.460619,0,0,0.0,0,SAFE
7158.8675,4512.0911,2461.7109,4983.0109,215.98,214.64,1.3388,215.31,7.7798,8.111036,0.331236,15.890836,2.221166,8465.589379,0,1,0.0,0,SAFE
11185.8106,8642.48,5561.45,4415.9,248.54,201.15,47.39,224.84,7.7645,7.7901,0.0256,15.5546,2.423827,14156.170302,0,1,0.0,0,SAFE
1.2435,0.6754,0.9064,0.5182,300.15,299.69,0.4614,299.92,7.7351,7.325661,0.409439,15.060761,5.438903,1.044834,1,1,0.0,1,MEDIUM
1662.0407,338.2026,939.5256,1328.6421,810.38,806.39,3.9936,808.38,7.4565,7.133409,0.323091,14.589909,7.340157,1015.674463,0,1,0.0,0,SAFE
0.3416,0.3024,0.0477,0.1515,947.89,944.62,3.2666,946.26,7.36,7.070439,0.289561,14.430439,8.952138,0.222106,0,1,0.0,1,HIGH
1573.5484,1369.1405,386.2504,672.547,231.72,235.09,3.3713,233.41,7.7764,7.941116,0.164716,15.717516,2.31801,2019.66327,0,1,0.0,0,SAFE
9276.4726,1326.65,9177.24,266.85,183.25,253.61,70.36,218.43,7.8017,7.7422,0.0595,15.5439,0.085,65579.487132,0,0,0.0,0,SAFE
9334.8015,2859.53,1314.57,8788.26,169.95,185.6,15.65,177.77,7.8079,7.8047,0.0032,15.6126,0.085,47027.126348,0,0,0.0,0,SAFE
9243.4952,1354.63,102.65,9143.12,322.33,277.24,45.09,299.78,7.7206,7.7119,0.0087,15.4325,2.916463,7538.699321,0,1,0.0,0,SAFE
10603.4935,5617.95,5422.36,7174.31,167.31,300.04,132.73,233.68,7.8073,7.7301,0.0772,15.5374,2.762772,11356.527988,0,1,0.0,0,SAFE
1.3041667172278758e+22,8.466269632141914e+20,1.2185480531184605e+22,4.5697231471691033e+21,1.3041667172278758e+22,220.2,1.3041667172278758e+22,6.520833586139379e+21,0.0,7.7656,7.7656,7.7656,7.22861601188097e+38,965.293271,0,1,0.0,0,SAFE
56.9808,10.9085,5.4653,55.6592,281.49,278.81,2.6812,280.15,7.7216,8.202599,0.480999,15.924199,5.173397,35.403411,1,1,0.0,0,SAFE
11664.1739,2541.74,11283.09,1511.42,785.09,689.82,95.27,737.46,7.4533,7.5001,0.0468,14.9534,13.035294,6629.075685,1,1,0.0,0,SAFE
0.4242,0.0424,0.0964,0.4109,232.81,234.62,1.811,233.72,7.7601,8.213046,0.452946,15.973146,4.575884,0.282849,1,1,0.0,1,HIGH
13566.4917,7774.39,173.16,11116.59,822.34,164.03,658.31,493.19,7.4201,7.8021,0.382,15.2222,7.473978,8100.501896,0,1,0.0,0,SAFE
2551.8485,1382.06,2062.6,589.51,186.81,159.97,26.84,173.39,7.7952,7.827,0.0318,15.6222,0.085,17774.789512,0,0,0.0,0,SAFE
2929.0089,969.99,383.32,2737.02,262.09,203.82,58.27,232.95,7.7217,7.8057,0.084,15.5274,2.147791,2956.483923,0,1,0.0,0,SAFE
7681.358,2162.69,293.34,7364.78,212.13,187.44,24.69,199.78,7.7804,7.7992,0.0188,15.5796,2.050938,7734.657063,0,1,0.0,0,SAFE
10040.4392,1232.02,3070.2,9479.79,210.9,296.71,85.81,253.81,7.7925,7.7563,0.0362,15.5488,4.845534,6680.622975,1,1,0.0,0,SAFE
199.1725,183.4893,12.775,76.408,228.46,231.39,2.9344,229.93,7.7788,7.307368,0.471432,15.086168,4.528765,184.88932,1,1,0.0,0,SAFE
9928.8216,4138.21,1297.19,8931.63,1162.8,261.07,901.73,711.93,7.265,7.7376,0.4726,15.0026,11.793341,4422.077365,0,1,0.0,0,SAFE
261.8518,170.0227,191.256,55.4957,326.89,324.5,2.3913,325.69,7.7044,7.997959,0.293559,15.702359,5.795067,221.428432,1,1,0.0,0,SAFE
0.5791,0.3868,0.176,0.3934,334.49,331.99,2.4974,333.24,7.7075,7.947951,0.240451,15.655451,3.002088,0.594194,0,1,0.0,1,HIGH
13308.7187,4348.12,8314.15,9438.79,292.72,361.82,69.1,327.27,7.7097,7.7102,0.0005,15.4199,5.82734,9647.855824,1,1,0.0,0,SAFE
10373.6829,7744.66,6893.0,346.54,203.12,191.87,11.25,197.5,7.7869,7.7942,0.0073,15.5811,0.085,73330.273706,0,0,0.0,0,SAFE
428.9061,389.268,174.8878,42.9546,333.42,332.42,0.9963,332.92,7.6904,7.385845,0.304555,15.076245,5.896952,363.102718,1,1,0.0,0,SAFE
0.0227,0.0058,0.0026,0.0218,323.05,326.97,3.9247,325.01,7.7267,7.357531,0.369169,15.084231,5.785518,0.013596,1,1,0.0,1,CRITICAL
4566.0814,3118.22,1367.78,3042.2,575.87,548.73,27.14,562.3,7.5831,7.5879,0.0048,15.171,9.593656,2637.880604,1,1,0.0,0,SAFE
10256.8939,5796.09,3790.08,7566.01,1023.58,309.93,713.65,666.75,7.34,7.7047,0.3647,15.0447,12.653451,4965.260616,1,1,0.0,0,SAFE
2931.2291,87.5643,422.5442,2899.2918,259.51,262.65,3.1394,261.08,7.7421,7.745827,0.003727,15.487927,4.923581,1839.995604,1,1,0.0,0,SAFE
2977.3986,1173.6,2728.26,210.15,764.96,1009.35,244.39,887.15,7.489,7.3483,0.1407,14.8373,16.48261,1509.790308,1,1,0.0,0,SAFE
0.6043,0.1545,0.5526,0.1896,281.39,281.68,0.2922,281.54,7.7109,7.758865,0.047965,15.469765,5.191789,0.531609,1,1,0.0,1,HIGH
14.3089,3.6682,8.2238,11.1201,411.36,412.46,1.0986,411.91,7.6649,7.700989,0.036089,15.365889,7.06842,9.044308,1,1,0.0,0,LOW
0.0478,0.0461,0.0048,0.0118,232.47,233.0,0.5325,232.74,7.8024,7.643976,0.158424,15.446376,4.563671,0.045334,1,1,0.0,1,CRITICAL
247.2938,227.3441,94.3708,23.7289,431.42,428.02,3.3998,429.72,7.6521,7.725789,0.073689,15.377889,3.729559,263.308841,0,1,0.0,0,SAFE
0.0837,0.0504,0.0201,0.0638,243.11,241.04,2.0747,242.07,7.7485,8.074655,0.326155,15.823155,4.68072,0.065685,1,1,0.0,1,CRITICAL
283.3779,177.0705,13.0838,220.8571,279.88,282.4,2.5238,281.14,7.7454,7.87314,0.12774,15.61854,2.627404,293.362048,0,1,0.0,0,SAFE
1834.6274,928.0462,113.1366,1578.5399,1010.13,1005.23,4.9038,1007.68,7.3454,7.31743,0.02797,14.66283,9.734594,930.113597,0,1,0.0,0,SAFE
11937.0896,9172.13,6234.13,4416.08,177.94,294.11,116.17,236.03,7.8107,7.7342,0.0765,15.5449,2.722595,14336.049663,0,1,0.0,0,SAFE
13535.8231,2847.77,9859.41,8826.14,200.1,645.0,444.9,422.55,7.7862,7.5333,0.2529,15.3195,0.085,83648.166112,0,0,0.0,0,SAFE
2692.593,895.4,2029.84,1525.8,1043.37,397.21,646.16,720.29,7.3537,7.6719,0.3182,15.0256,13.544651,1367.139901,1,1,0.0,0,SAFE
0.7092,0.1833,0.145,0.6696,1058.34,1053.49,4.8542,1055.91,7.3259,7.454345,0.128445,14.780245,20.577402,0.229005,1,1,0.0,1,HIGH
859.2309,218.5922,325.7589,764.4451,664.66,668.14,3.4835,666.4,7.5208,7.884505,0.363705,15.405305,5.80734,550.185125,0,1,0.0,0,SAFE
0.694,0.4285,0.5439,0.0476,213.08,208.87,4.2122,210.97,7.7617,7.490156,0.271544,15.251856,0.085,4.901245,0,0,0.0,1,HIGH
3.2222,0.6847,2.9971,0.965,885.28,889.29,4.0121,887.29,7.4077,6.911011,0.496689,14.318711,16.358816,1.600913,1,1,0.0,1,MEDIUM
3.8005,3.0837,0.2704,2.2049,267.53,271.73,4.2017,269.63,7.7561,7.754714,0.001386,15.510814,2.546185,4.427329,0,1,0.0,1,MEDIUM
0.3821,0.1661,0.3219,0.1217,285.32,285.56,0.2413,285.44,7.7214,7.620862,0.100538,15.342262,2.663592,0.468857,0,1,0.0,1,HIGH
0.0014,0.0004,0.0011,0.0009,207.66,209.14,1.4803,208.4,7.7814,8.034135,0.252735,15.815535,2.170826,0.001801,0,1,0.0,1,CRITICAL
12167.87,253.48,9812.18,7191.24,202.17,327.34,125.17,264.75,7.7892,7.7118,0.0774,15.501,5.00452,10066.599222,1,1,0.0,0,SAFE
0.0056,0.005,0.0002,0.0024,267.25,262.8,4.4538,265.02,7.7325,7.98669,0.25419,15.71919,2.544358,0.006797,0,1,0.0,1,CRITICAL
9250.9969,4306.5867,5902.9339,5673.5903,205.99,210.07,4.0827,208.03,7.7923,7.767527,0.024773,15.559827,4.261157,8217.08975,1,1,0.0,0,SAFE
1.3879,1.2387,0.1683,0.6028,217.85,218.49,0.6371,218.17,7.81,7.768234,0.041766,15.578234,4.384012,1.292888,1,1,0.0,1,MEDIUM
7153.521,2531.2852,4888.6502,4567.9926,206.73,203.65,3.0826,205.19,7.7702,7.942272,0.172072,15.712472,2.165236,8814.172735,0,1,0.0,0,SAFE
8407.3335,6987.35,2169.68,4141.58,280.73,195.11,85.62,237.92,7.7636,7.7891,0.0255,15.5527,4.644048,7480.979922,1,1,0.0,0,SAFE
8200.1816,223.15,2816.65,7698.03,206.66,989.41,782.75,598.03,7.7849,7.3685,0.4164,15.1534,0.085,41425.19911,0,0,0.0,0,SAFE
1.6529,0.3152,1.2742,1.0046,189.3,185.3,4.002,187.3,7.793,7.397591,0.395409,15.190591,2.038442,2.127738,0,1,0.0,1,MEDIUM
10683.6862,9372.78,946.78,5039.42,998.11,218.69,779.42,608.4,7.3298,7.7706,0.4408,15.1004,9.580918,6661.334661,0,1,0.0,0,SAFE
7992.0786,401.63,7921.01,984.69,213.73,175.82,37.91,194.77,7.7694,7.7992,0.0298,15.5686,0.085,56273.726467,0,0,0.0,0,SAFE
1292.6354,1194.32,494.01,21.45,233.87,188.06,45.81,210.97,7.751,7.8077,0.0567,15.5587,2.054563,1858.992187,0,1,0.0,0,SAFE
1.7641,0.645,1.16,1.1621,931.9,936.84,4.9426,934.37,7.3733,6.993367,0.379933,14.366667,8.756435,1.070688,0,1,0.0,1,MEDIUM
9046.4507,4066.39,2768.69,7591.91,205.4,192.94,12.46,199.17,7.7804,7.7901,0.0097,15.5705,2.083205,10081.383561,0,1,0.0,0,SAFE
0.2383,0.0313,0.2303,0.0529,171.07,173.58,2.5109,172.33,7.8205,8.231052,0.410552,16.051552,3.842196,0.247192,1,1,0.0,1,HIGH
0.0795,0.0612,0.0417,0.0289,223.51,223.83,0.325,223.67,7.799,7.820889,0.021889,15.619889,2.267234,0.104791,0,1,0.0,1,CRITICAL
36.1533,8.3093,19.5762,29.2368,975.82,971.88,3.9391,973.85,7.3359,7.363951,0.028051,14.699851,9.29919,19.502007,0,1,0.0,0,LOW
3155.1941,1167.3421,1453.5235,2545.5513,189.6,190.76,1.1569,190.18,7.7978,7.930078,0.132278,15.727878,4.048946,2582.813037,1,1,0.0,0,SAFE
10877.8393,1047.16,2504.65,10533.64,936.95,351.78,585.17,644.37,7.378,7.7199,0.3419,15.0979,11.859007,4507.146501,1,1,0.0,0,SAFE
11986.8834,3656.68,4766.65,10372.71,706.2,194.02,512.18,450.11,7.5105,7.7908,0.2803,15.3013,8.230474,6582.525841,1,1,0.0,0,SAFE
4815.1416,2903.58,3227.9,2082.18,167.97,222.84,54.87,195.41,7.8034,7.7645,0.0389,15.5679,2.263115,6246.438752,0,1,0.0,0,SAFE
9217.4057,5836.2976,4152.9541,5800.9629,327.33,330.3,2.9664,328.81,7.7078,7.598862,0.108938,15.306662,0.085,57561.042907,0,0,0.0,0,SAFE
12103.9496,6782.92,6289.43,7806.45,207.69,960.69,753.0,584.19,7.7965,7.3733,0.4232,15.1698,11.196372,6539.142112,1,1,0.0,0,SAFE
9449.3782,3527.5,6852.35,5467.43,296.23,991.53,695.3,643.88,7.7345,7.3625,0.372,15.097,12.149237,5042.411743,1,1,0.0,0,SAFE
29.2016,14.2973,6.55,24.6053,249.6,250.3,0.6952,249.95,7.743,7.965108,0.222108,15.708108,2.430576,30.048934,0,1,0.0,0,LOW
7737.5365,5672.08,5148.87,1089.09,197.31,172.62,24.69,184.97,7.8021,7.8309,0.0288,15.633,3.9893,7942.286058,1,1,0.0,0,SAFE
691.4387,320.7999,486.0161,372.7777,1084.93,1082.3,2.6306,1083.61,7.3383,7.674642,0.336342,15.012942,10.718513,398.691919,0,1,0.0,0,SAFE
2957.3078,137.4294,689.9729,2872.4066,1016.55,1012.47,4.0763,1014.51,7.3396,7.718661,0.379061,15.058261,9.817177,1342.297747,0,1,0.0,0,SAFE
12274.4946,10001.85,2422.39,6690.16,221.18,316.52,95.34,268.85,7.7675,7.7125,0.055,15.48,2.875996,13634.411269,0,1,0.0,0,SAFE
0.5326,0.2265,0.1429,0.4604,984.18,982.67,1.5142,983.42,7.33,7.454866,0.124866,14.784866,18.704625,0.194163,1,1,0.0,1,HIGH
7897.9546,6544.4221,3261.7645,2984.8147,239.43,241.07,1.637,240.25,7.768,7.775733,0.007733,15.543733,2.376516,10134.132536,0,1,0.0,0,SAFE
11656.3818,9385.77,4327.47,5389.95,983.95,200.15,783.8,592.05,7.3623,7.7883,0.426,15.1506,11.44235,6668.697661,1,1,0.0,0,SAFE
7280.3569,6858.37,855.12,2288.04,294.87,269.44,25.43,282.15,7.7139,7.7311,0.0172,15.445,2.727728,8834.703338,0,1,0.0,0,SAFE
6581.2959,4946.62,387.33,4323.7,187.36,182.83,4.53,185.1,7.8096,7.8027,0.0069,15.6123,0.085,40575.66268,0,0,0.0,0,SAFE
3.9306,0.1867,3.8157,0.9248,755.66,756.77,1.1132,756.22,7.4572,7.490436,0.033236,14.947636,13.413684,2.178215,1,1,0.0,1,MEDIUM
12841.3454,9282.16,2562.44,8495.62,333.44,206.36,127.08,269.9,7.7085,7.799,0.0905,15.5075,5.072658,10225.593082,1,1,0.0,0,SAFE
16.1716,8.5768,13.6354,1.4267,365.68,368.59,2.9089,367.13,7.6646,7.889534,0.224934,15.554134,6.391356,13.158594,1,1,0.0,0,LOW
9261.3275,5577.2706,4827.5567,5600.0836,208.77,203.99,4.7807,206.38,7.7842,8.033298,0.249098,15.817498,4.241313,8275.834871,1,1,0.0,0,SAFE
56.2486,47.3943,17.8005,24.5116,323.96,320.65,3.3112,322.3,7.7126,7.230663,0.481937,14.943263,2.904724,64.349318,0,1,0.0,0,SAFE
9145.7845,4021.11,8186.11,680.92,218.98,1192.59,973.61,705.78,7.7748,7.2317,0.5431,15.0065,14.372621,4965.668375,1,1,0.0,0,SAFE
6266.1262,2465.18,5190.46,2499.27,304.07,248.46,55.61,276.26,7.7212,7.7502,0.029,15.4714,5.128564,5446.312565,1,1,0.0,0,SAFE
6546.5184,3987.2151,249.8945,5186.1904,207.68,205.15,2.5317,206.41,7.7755,8.250823,0.475323,16.026323,4.241692,5288.57642,1,1,0.0,0,SAFE
10494.4346,10216.59,2148.12,1067.72,314.07,212.63,101.44,263.35,7.7076,7.7787,0.0711,15.4863,2.859017,12758.298247,0,1,0.0,0,SAFE
7.9733,7.302,2.4559,2.0552,263.78,267.23,3.4548,265.51,7.7305,7.591075,0.139425,15.321575,2.52178,10.158142,0,1,0.0,0,LOW
3.4105,1.7589,2.9115,0.2464,689.02,685.06,3.9599,687.04,7.5145,7.86382,0.34932,15.37832,6.051016,2.854084,0,1,0.0,1,MEDIUM
611.6439,152.8078,382.9191,451.8086,327.19,324.56,2.6309,325.87,7.7172,7.901149,0.183949,15.618349,2.950534,612.796754,0,1,0.0,0,SAFE
978.3923,308.8332,164.6008,913.6631,1136.27,1139.55,3.2762,1137.91,7.2612,6.929554,0.331646,14.190754,22.803338,303.271876,1,1,0.0,0,SAFE
392.686,36.1584,240.4503,308.348,359.42,355.71,3.7139,357.56,7.684,8.024072,0.340072,15.708072,3.181562,368.003825,0,1,0.0,0,SAFE
2.3563,0.2409,0.2066,2.3349,230.3,226.59,3.7139,228.44,7.7962,7.639083,0.157117,15.435283,4.510378,1.542053,1,1,0.0,1,MEDIUM
223.1525,149.6213,161.1298,38.0485,974.43,978.69,4.2558,976.56,7.3517,7.124368,0.227332,14.476068,9.281761,149.777032,0,1,0.0,0,SAFE
9734.6343,7247.19,5768.28,2994.71,1030.25,184.83,845.42,607.54,7.3156,7.7964,0.4808,15.112,11.945293,5651.810726,1,1,0.0,0,SAFE
6448.5858,6070.22,2073.17,662.31,218.91,292.74,73.83,255.82,7.7643,7.7201,0.0442,15.4844,2.713356,8046.91224,0,1,0.0,0,SAFE
246.6538,199.3786,85.2833,117.5287,219.14,216.5,2.6377,217.82,7.7749,7.933398,0.158498,15.708298,2.224346,318.71528,0,1,0.0,0,SAFE
4.6022,1.8288,0.4971,4.1939,969.44,966.96,2.4791,968.2,7.354,7.37453,0.02053,14.72853,9.219329,2.293327,0,1,0.0,1,MEDIUM
2547.46,865.7592,2386.161,215.057,157.32,155.67,1.6473,156.5,7.8225,7.885516,0.063016,15.708016,0.085,17977.567135,0,0,0.0,0,SAFE
6920.6497,5743.73,1547.88,3536.81,644.42,225.05,419.37,434.74,7.5395,7.7665,0.227,15.306,5.608713,5570.167449,0,1,0.0,0,SAFE
12946.4811,2001.41,3480.12,12308.31,226.17,962.6,736.43,594.38,7.7552,7.3965,0.3587,15.1517,11.332717,5594.158878,1,1,0.0,0,SAFE
10013.7867,9351.9,1594.19,3205.69,257.81,541.91,284.1,399.86,7.7508,7.5989,0.1519,15.3497,7.054373,7548.046602,1,1,0.0,0,SAFE
49.4912,31.6565,7.6116,37.2734,238.28,242.11,3.8349,240.2,7.7526,7.361955,0.390645,15.114555,4.657116,39.12661,1,1,0.0,0,LOW
2.9817,2.8808,0.0391,0.7682,200.8,196.96,3.8378,198.88,7.7943,7.510866,0.283434,15.305166,4.151727,2.960661,1,1,0.0,1,MEDIUM
1173.2963,166.84,988.22,610.09,301.17,201.79,99.38,251.48,7.7119,7.7738,0.0619,15.4857,4.821126,1015.508667,1,1,0.0,0,SAFE
873.0712,695.851,460.0417,257.6946,286.7,283.37,3.3329,285.03,7.7379,8.07586,0.33796,15.81376,2.672812,1073.958128,0,1,0.0,0,SAFE
0.0939,0.0329,0.006,0.0877,190.12,190.9,0.7814,190.51,7.7916,7.433108,0.358492,15.224708,2.066629,0.096638,0,1,0.0,1,CRITICAL
1940.4516,518.0294,175.2888,1861.7927,311.42,313.83,2.4109,312.63,7.7281,8.218875,0.490775,15.946975,2.84071,1659.006584,0,1,0.0,0,SAFE
4.6322,1.152,2.6714,3.6047,151.48,155.56,4.0803,153.52,7.8332,7.481538,0.351662,15.314738,3.630288,4.082806,1,1,0.0,1,MEDIUM
13432.22,162.81,3728.31,12903.4,1063.93,224.39,839.54,644.16,7.3006,7.7587,0.4581,15.0593,12.625126,5440.44911,1,1,0.0,0,SAFE
11.3449,2.0103,10.7028,3.1804,348.84,349.52,0.675,349.18,7.6734,8.085125,0.411725,15.758525,3.10475,12.980353,0,1,0.0,0,LOW
8420.0114,5766.6,321.56,6126.95,217.89,302.17,84.28,260.03,7.7863,7.7171,0.0692,15.5034,2.777276,8750.830274,0,1,0.0,0,SAFE
0.0788,0.0184,0.0719,0.0265,192.59,189.24,3.3542,190.91,7.8022,7.656633,0.145567,15.458833,2.061446,0.109504,0,1,0.0,1,CRITICAL
11.8497,11.6368,2.1699,0.5409,289.3,284.32,4.983,286.81,7.7256,8.186635,0.461035,15.912235,5.262127,10.643159,1,1,0.0,0,LOW
0.1364,0.0393,0.0922,0.0926,190.24,186.92,3.3168,188.58,7.8207,8.012961,0.192261,15.833661,2.067333,0.168764,0,1,0.0,1,HIGH
2.2702,1.108,0.3275,1.9542,1190.8,1193.39,2.5936,1192.1,7.2339,6.774662,0.459238,14.008562,24.337143,0.727694,1,1,0.0,1,MEDIUM
371.2508,220.5691,200.9541,220.8934,291.43,289.88,1.5465,290.66,7.7221,7.673809,0.048291,15.395909,2.704536,417.11901,0,1,0.0,0,SAFE
87.2168,50.8545,70.2354,9.3579,207.96,207.25,0.7114,207.6,7.7863,8.256921,0.470621,16.043221,2.168352,121.712805,0,1,0.0,0,SAFE
4415.4767,4069.24,1565.76,697.22,288.4,819.6,531.2,554.0,7.7093,7.4496,0.2597,15.1589,10.042405,2852.490826,1,1,0.0,0,SAFE
1892.3111,546.3773,1157.0597,1394.104,315.98,313.07,2.9115,314.52,7.7247,7.315769,0.408931,15.040469,2.872249,1923.753069,0,1,0.0,0,SAFE
0.5945,0.517,0.1427,0.2566,165.44,162.51,2.9319,163.97,7.8017,7.956605,0.154905,15.758305,1.907897,0.840175,0,1,0.0,1,HIGH
292.0859,200.4847,23.5449,211.1059,182.34,178.66,3.6805,180.5,7.8021,7.363716,0.438384,15.165816,3.936208,255.700802,1,1,0.0,0,SAFE
10854.0034,10692.18,1531.99,1067.56,254.06,348.1,94.04,301.08,7.759,7.7191,0.0399,15.4781,3.099413,12675.774857,0,1,0.0,0,SAFE
0.0429,0.028,0.0209,0.0249,207.91,210.84,2.9268,209.37,7.805,7.829354,0.024354,15.634354,0.085,0.273492,0,0,0.0,1,CRITICAL
2211.0674,1021.1269,378.0083,1924.3775,221.81,222.17,0.3647,221.99,7.7992,7.900534,0.101334,15.699734,0.085,11898.465824,0,0,0.0,0,SAFE
972.9704,159.2478,297.7633,912.4958,691.94,690.06,1.8798,691.0,7.5117,7.528792,0.017092,15.040492,12.057098,413.081399,1,1,0.0,0,SAFE
37.4621,18.1283,32.7606,1.2314,241.37,237.87,3.5023,239.62,7.7419,7.846209,0.104309,15.588109,2.378425,50.062374,0,1,0.0,0,LOW
12526.6231,9000.41,1347.23,8607.78,208.6,165.18,43.42,186.89,7.7802,7.8232,0.043,15.6034,1.922974,15994.62063,0,1,0.0,0,SAFE
12593.2895,3221.35,5782.91,10713.16,216.47,197.0,19.47,206.74,7.7883,7.7856,0.0027,15.5739,4.246338,9742.208154,1,1,0.0,0,SAFE
0.0771,0.0489,0.0431,0.0412,205.57,201.32,4.2513,203.44,7.7724,7.311861,0.460539,15.084261,2.158273,0.099235,0,1,0.0,1,CRITICAL
120.6022,25.2401,13.701,117.1329,215.81,212.0,3.8079,213.91,7.7811,7.689806,0.091294,15.470906,4.332157,82.409513,1,1,0.0,0,SAFE
7365.5099,4283.76,2797.77,5298.36,165.3,1000.3,835.0,582.8,7.8111,7.3305,0.4806,15.1416,9.608825,4134.864028,0,1,0.0,0,SAFE
8398.4341,2424.39,5950.73,5407.85,203.54,187.65,15.89,195.59,7.7818,7.7926,0.0108,15.5744,4.113282,7489.389059,1,1,0.0,0,SAFE
9971.5118,447.79,6.72,9961.45,238.31,148.19,90.12,193.25,7.7515,7.8192,0.0677,15.5707,4.102321,6774.796034,1,1,0.0,0,SAFE
113.5287,20.3075,19.1107,110.0507,1063.11,1061.57,1.5357,1062.34,7.3216,7.166031,0.155569,14.487631,10.42658,50.110195,0,1,0.0,0,SAFE
12897.0637,4074.37,5892.89,10724.16,297.77,224.03,73.74,260.9,7.7321,7.7712,0.0391,15.5033,4.93279,9394.752744,1,1,0.0,0,SAFE
3065.0925,2473.1793,596.3145,1709.557,627.32,626.82,0.5017,627.07,7.5562,7.252047,0.304153,14.808247,5.438808,2464.250233,0,1,0.0,0,SAFE
0.0566,0.0463,0.022,0.0239,325.98,329.66,3.6751,327.82,7.6783,7.530165,0.148135,15.208465,2.942033,0.06457,0,1,0.0,1,CRITICAL
1978.1806,1434.6125,1029.8028,891.3986,923.47,919.84,3.6339,921.65,7.3742,7.165958,0.208242,14.540158,17.179356,926.756801,1,1,0.0,0,SAFE
12292.3775,820.81,7616.14,9613.7,281.86,678.82,396.96,480.34,7.7306,7.522,0.2086,15.2526,8.503917,7060.820013,1,1,0.0,0,SAFE
791.4511,600.2048,319.7293,404.8731,919.64,923.61,3.9692,921.62,7.402,7.102656,0.299344,14.504656,17.178674,363.922758,1,1,0.0,0,SAFE
10415.6315,3090.99,3777.76,9201.07,249.97,214.62,35.35,232.3,7.7468,7.7665,0.0197,15.5133,2.432934,10360.914874,0,1,0.0,0,SAFE
1087.4981,961.51,480.92,163.91,243.25,249.9,6.65,246.57,7.7411,7.7428,0.0017,15.4839,2.432488,1428.366522,0,1,0.0,0,SAFE
12571.369,6210.76,7982.92,7465.84,249.3,315.18,65.88,282.24,7.7799,7.7246,0.0553,15.5045,5.210368,10180.930821,1,1,0.0,0,SAFE
310.7407,115.6391,283.784,51.5171,275.04,273.48,1.5619,274.26,7.7465,7.25713,0.48937,15.00363,2.59542,394.591213,0,1,0.0,0,SAFE
12839.2126,1107.32,1071.21,12746.44,455.36,907.4,452.04,681.38,7.6126,7.3914,0.2212,15.004,12.297322,5077.033332,1,1,0.0,0,SAFE
0.9702,0.7426,0.5812,0.228,300.34,297.38,2.9583,298.86,7.7578,7.479558,0.278242,15.237358,2.764812,1.184238,0,1,0.0,1,HIGH
0.4927,0.0427,0.117,0.4767,302.34,304.86,2.5158,303.6,7.7066,7.669562,0.037038,15.376162,5.489055,0.300314,1,1,0.0,1,HIGH
5536.7892,1422.8505,3784.5732,3782.6627,778.94,783.6,4.6586,781.27,7.4464,7.159084,0.287316,14.605484,13.95408,2629.797353,1,1,0.0,0,SAFE
10488.7707,3988.16,3663.87,8982.48,195.7,233.13,37.43,214.41,7.8002,7.7612,0.039,15.5614,2.326788,10911.999128,0,1,0.0,0,SAFE
13746.8052,11380.66,6182.65,4607.61,927.03,212.61,714.42,569.82,7.3794,7.7788,0.3994,15.1582,8.697262,9304.87925,0,1,0.0,0,SAFE
0.0938,0.0735,0.0348,0.0468,239.92,239.34,0.576,239.63,7.7452,8.055816,0.310616,15.801016,2.369297,0.116596,0,1,0.0,1,CRITICAL
0.0414,0.0361,0.0166,0.0115,318.78,322.51,3.7341,320.65,7.7048,8.113358,0.408558,15.818158,5.724453,0.034866,1,1,0.0,1,CRITICAL
35.367,22.4696,26.4897,6.6507,1167.23,1164.42,2.8114,1165.82,7.2407,6.950183,0.290517,14.190883,23.587267,14.864315,1,1,0.0,0,LOW
9953.1623,8294.4079,5117.3176,2020.2221,224.09,220.04,4.0481,222.07,7.7692,7.958445,0.189245,15.727645,2.270802,13459.785858,0,1,0.0,0,SAFE
2.5549,0.3717,2.1131,1.387,298.14,301.26,3.1225,299.7,7.7205,7.606387,0.114113,15.326887,2.749867,2.904538,0,1,0.0,1,MEDIUM
4555.3069,3416.2488,3007.0113,194.8037,251.19,248.78,2.4131,249.98,7.7392,7.968736,0.229536,15.707936,4.781051,4292.691452,1,1,0.0,0,SAFE
4839.7598,762.2659,992.1496,4675.2395,303.98,301.7,2.2826,302.84,7.7091,8.117855,0.408755,15.826955,2.789631,4145.49056,0,1,0.0,0,SAFE
12602.6088,8339.63,5017.98,8006.01,237.55,299.36,61.81,268.46,7.7593,7.7386,0.0207,15.4979,5.027565,10205.881081,1,1,0.0,0,SAFE
1360.1312,539.97,551.88,1119.74,203.86,1152.74,948.88,678.3,7.7753,7.2552,0.5201,15.0305,11.651585,648.619967,0,1,0.0,0,SAFE
0.0744,0.0678,0.0113,0.0285,372.6,375.91,3.3085,374.25,7.693,7.422477,0.270523,15.115477,6.496748,0.057704,1,1,0.0,1,CRITICAL
9711.8014,8383.4616,3688.8716,3229.3783,289.38,285.78,3.6048,287.58,7.7397,7.427252,0.312448,15.166952,5.272394,8447.42079,1,1,0.0,0,SAFE
4.0532,3.7004,0.8262,1.433,164.17,165.89,1.7156,165.03,7.8003,7.765446,0.034854,15.565746,0.085,27.647669,0,0,0.0,1,MEDIUM
6222.6256,2644.56,5541.6,1008.98,764.23,1206.56,442.33,985.39,7.4573,7.2373,0.22,14.6946,19.170154,2908.440495,1,1,0.0,0,SAFE
141.7303,108.4834,76.9486,48.9667,219.04,220.73,1.6902,219.89,7.782,7.925275,0.143275,15.707275,2.250171,188.213096,0,1,0.0,0,SAFE
10657.3991,4014.57,7815.55,6031.63,239.4,1147.93,908.53,693.67,7.7619,7.2734,0.4885,15.0353,2.366028,12950.463102,0,1,0.0,0,SAFE
9922.9653,8147.69,3560.92,4404.57,197.14,199.27,2.13,198.2,7.7966,7.7798,0.0168,15.5764,2.108018,13296.145466,0,1,0.0,0,SAFE
3.4933,1.1396,2.3412,2.3289,219.11,214.57,4.5374,216.84,7.785,7.318302,0.466698,15.103302,2.21261,4.201515,0,1,0.0,1,MEDIUM
407.2067,101.4024,361.8357,156.8751,221.78,220.98,0.7984,221.38,7.768,7.679454,0.088546,15.447454,4.423318,382.339737,1,1,0.0,0,SAFE
6948.7341,836.38,3035.28,6194.55,932.58,266.08,666.5,599.33,7.3936,7.7293,0.3357,15.1229,11.216447,3196.554742,1,1,0.0,0,SAFE
11978.128,11665.48,1561.59,2225.66,238.73,208.19,30.54,223.46,7.7611,7.796,0.0349,15.5571,2.174016,16586.187176,0,1,0.0,0,SAFE
970.4216,694.608,614.5272,285.6468,192.0,189.78,2.2168,190.89,7.794,8.112654,0.318654,15.906654,4.057325,968.997327,1,1,0.0,0,SAFE
7149.8239,4268.4505,1209.0427,5607.007,460.39,455.86,4.5348,458.12,7.6125,7.429804,0.182696,15.042304,7.803035,4281.361473,1,1,0.0,0,SAFE
13016.132,4987.11,3280.19,11566.71,203.19,190.38,12.81,196.78,7.7775,7.7916,0.0141,15.5691,0.085,68953.822478,0,0,0.0,0,SAFE
2.2738,2.1553,0.6494,0.3211,242.18,239.35,2.8302,240.76,7.7408,8.074308,0.333508,15.815108,2.365712,3.030749,0,1,0.0,1,MEDIUM
6425.7922,4379.89,2703.95,3846.56,191.24,267.56,76.32,229.4,7.7999,7.7515,0.0484,15.5514,4.534585,5567.34341,1,1,0.0,0,SAFE
12488.7276,8748.45,6782.17,5782.31,305.91,1008.69,702.78,657.3,7.728,7.3353,0.3927,15.0633,12.433955,6852.870561,1,1,0.0,0,SAFE
9084.0739,2919.99,3880.33,7677.05,1073.95,249.6,824.35,661.77,7.3114,7.7511,0.4397,15.0625,12.91668,4047.024701,1,1,0.0,0,SAFE
3.3671,2.526,0.2853,2.208,150.59,155.36,4.7684,152.97,7.829,7.586518,0.242482,15.415518,3.624238,3.180998,1,1,0.0,1,MEDIUM
10061.0517,6383.86,7754.35,584.08,197.29,248.01,50.72,222.65,7.7848,7.7386,0.0462,15.5234,2.420456,13319.328591,0,1,0.0,0,SAFE
0.0528,0.027,0.0097,0.0443,214.19,211.05,3.1434,212.62,7.785,8.189459,0.404459,15.974459,2.191246,0.057309,0,1,0.0,1,CRITICAL
1599.3913,1408.8687,755.8389,42.9992,247.68,247.13,0.5458,247.41,7.7462,7.911469,0.165269,15.657669,0.085,11307.133151,0,0,0.0,0,SAFE
12549.3095,1020.27,2171.64,12317.8,890.02,165.75,724.27,527.88,7.4031,7.7974,0.3943,15.2005,8.254161,6138.877703,0,1,0.0,0,SAFE
3.067,0.7854,2.9341,0.4245,184.65,187.51,2.8554,186.08,7.827,7.355553,0.471447,15.182553,2.034669,4.408901,0,1,0.0,1,MEDIUM
0.4128,0.0603,0.0357,0.4069,881.08,879.83,1.2494,880.46,7.4339,7.093182,0.340718,14.527082,0.085,1.980838,0,0,0.0,1,HIGH
0.0935,0.0724,0.0429,0.0407,303.65,306.36,2.7093,305.0,7.7375,8.133609,0.396109,15.871109,5.508292,0.077704,1,1,0.0,1,CRITICAL
7034.4577,2683.13,4022.04,5109.56,166.47,157.13,9.34,161.8,7.8105,7.8502,0.0397,15.6607,0.085,41820.671709,0,0,0.0,0,SAFE
172.5213,139.7573,95.2495,34.0448,203.99,201.26,2.7294,202.63,7.7924,8.14721,0.35481,15.93961,2.132507,240.90322,0,1,0.0,0,SAFE
422.5321,44.162,411.6393,84.4759,357.92,354.74,3.1842,356.33,7.666,8.0011,0.3351,15.6671,3.170614,483.733519,0,1,0.0,0,SAFE
11883.4922,8016.09,3158.73,8184.26,218.43,408.43,190.0,313.43,7.7741,7.6591,0.115,15.4332,5.700894,8805.42492,1,1,0.0,0,SAFE
12374.3043,5448.76,5256.17,9788.11,216.14,659.37,443.23,437.75,7.7796,7.545,0.2346,15.3246,7.89223,7334.514045,1,1,0.0,0,SAFE
11170.1057,11060.86,217.83,1543.11,360.72,275.49,85.23,318.11,7.7245,7.7155,0.009,15.44,5.704451,9590.257153,1,1,0.0,0,SAFE
6235.4451,3353.95,4695.93,2362.21,261.01,320.89,59.88,290.95,7.7321,7.7117,0.0204,15.4438,2.906407,7233.375751,0,1,0.0,0,SAFE
7960.8946,758.5511,5296.9804,5894.272,719.86,716.96,2.8999,718.41,7.4828,7.79416,0.31136,15.27696,6.366748,5424.119554,0,1,0.0,0,SAFE
4468.4664,1355.9759,1805.8738,3855.8191,350.84,353.71,2.8654,352.27,7.7018,7.985946,0.284146,15.687746,6.174152,2838.827324,1,1,0.0,0,SAFE
13030.1968,5631.69,8904.19,7667.17,305.26,266.37,38.89,285.81,7.7231,7.7414,0.0183,15.4645,5.252008,10534.014609,1,1,0.0,0,SAFE
7600.6182,5253.99,4895.43,2489.93,157.4,906.51,749.11,531.96,7.8067,7.424,0.3827,15.2307,10.244392,4747.353864,1,1,0.0,0,SAFE
4052.4708,140.32,3869.93,1194.35,643.26,218.0,425.26,430.63,7.5419,7.7709,0.229,15.3128,5.597435,3444.926287,0,1,0.0,0,SAFE
2.3848,0.4675,1.3975,1.875,289.33,284.36,4.9653,286.85,7.7115,7.726849,0.015349,15.438349,2.690428,2.428766,0,1,0.0,1,MEDIUM
3859.8242,1130.5874,1296.8964,3455.1519,222.09,221.73,0.3645,221.91,7.7711,7.539409,0.231691,15.310509,2.258509,3943.943369,0,1,0.0,0,SAFE
635.9046,226.4972,98.8576,585.9188,195.32,193.16,2.1616,194.24,7.7938,8.104518,0.310718,15.898318,0.085,3268.424342,0,0,0.0,0,SAFE
12935.8175,1366.3,11513.81,5735.92,251.1,300.64,49.54,275.87,7.757,7.7287,0.0283,15.4857,2.766854,15131.353993,0,1,0.0,0,SAFE
408.9741,359.0026,72.469,182.0033,835.85,836.98,1.1344,836.42,7.4388,7.33052,0.10828,14.76932,7.626605,288.01385,0,1,0.0,0,SAFE
94.2738,90.8444,25.1958,0.1063,286.51,291.48,4.967,288.99,7.7479,8.154579,0.406679,15.902479,2.671541,118.906169,0,1,0.0,0,SAFE
1003.2514,660.4677,210.5013,725.2481,225.72,226.99,1.2687,226.35,7.7528,7.605879,0.146921,15.358679,2.280845,1153.683554,0,1,0.0,0,SAFE
943.5144,338.7413,635.2433,609.8687,186.13,189.01,2.8754,187.57,7.7992,7.469801,0.329399,15.269001,0.085,5846.307571,0,0,0.0,0,SAFE
2690.7455,2103.26,1664.9,210.99,280.71,380.43,99.72,330.57,7.7155,7.7147,0.0008,15.4302,5.884827,2282.7441,1,1,0.0,0,SAFE
12948.8967,12124.74,2126.19,4017.95,270.5,218.68,51.82,244.59,7.7272,7.7719,0.0447,15.4991,2.565599,16214.200091,0,1,0.0,0,SAFE
4.5986,3.5447,1.263,2.6432,662.83,658.14,4.6896,660.49,7.5223,7.819924,0.297624,15.342224,11.447217,2.531814,1,1,0.0,1,MEDIUM
6151.5123,692.864,2846.7974,5408.9544,364.83,363.07,1.7627,363.95,7.6848,7.390046,0.294754,15.074846,6.344468,3802.737415,1,1,0.0,0,SAFE
0.8538,0.592,0.3307,0.5188,212.47,215.97,3.5039,214.22,7.7904,7.966601,0.176201,15.757001,0.085,5.382836,0,0,0.0,1,HIGH
9397.3845,3527.22,8701.11,400.3,249.75,235.0,14.75,242.38,7.7355,7.7826,0.0471,15.5181,2.338456,12662.452584,0,1,0.0,0,SAFE
1223.6238,559.6144,979.2339,474.5397,178.07,176.03,2.0405,177.05,7.8043,7.370222,0.434078,15.174522,0.085,8282.966779,0,0,0.0,0,SAFE
10812.687,12.52,10105.19,3846.97,321.53,665.58,344.05,493.56,7.7165,7.5477,0.1688,15.2642,5.816451,8911.792805,0,1,0.0,0,SAFE
77.1801,53.0523,8.783,55.3632,157.62,156.29,1.3298,156.96,7.8297,8.169375,0.339675,15.999075,1.880472,98.052135,0,1,0.0,0,SAFE
11803.6559,8108.29,1585.61,8430.17,992.18,214.81,777.37,603.5,7.3312,7.7626,0.4314,15.0938,0.085,70655.572914,0,0,0.0,0,SAFE
185.9362,107.7768,14.2343,150.8437,687.34,688.24,0.9008,687.79,7.5119,7.517823,0.005923,15.029723,6.034049,124.285893,0,1,0.0,0,SAFE
21.977,8.0677,20.111,3.667,175.32,171.09,4.2252,173.21,7.831,7.715808,0.115192,15.546808,0.085,154.194098,0,0,0.0,0,LOW
13574.5553,7804.19,2156.12,10895.61,756.52,357.84,398.68,557.18,7.477,7.6974,0.2204,15.1744,9.837611,7149.434078,1,1,0.0,0,SAFE
5183.5061,1311.71,4904.34,1046.71,251.04,281.87,30.83,266.45,7.7574,7.7233,0.0341,15.4807,4.995373,4726.704444,1,1,0.0,0,SAFE
75.1071,61.9873,9.3027,41.3777,229.64,233.23,3.5914,231.44,7.7921,7.331954,0.460146,15.124054,4.547512,66.20481,1,1,0.0,0,SAFE
25.9063,11.7449,14.326,18.1097,1008.46,1007.71,0.7526,1008.08,7.3514,7.753609,0.402209,15.105009,9.713169,14.626494,0,1,0.0,0,LOW
5842.8658,1411.22,3221.8,4665.57,197.05,411.01,213.96,304.03,7.7918,7.6507,0.1411,15.4425,3.569742,5123.196102,0,1,0.0,0,SAFE
9009.1968,6996.8173,5619.5971,793.917,341.65,341.53,0.1184,341.59,7.7135,8.194871,0.481371,15.908371,6.020338,7553.204501,1,1,0.0,0,SAFE
0.1186,0.1036,0.0528,0.023,892.57,891.0,1.5696,891.79,7.404,7.713469,0.309469,15.117469,8.284318,0.084036,0,1,0.0,1,HIGH
220.0796,112.8136,96.4954,162.4708,181.8,184.05,2.2498,182.92,7.7996,7.823922,0.024322,15.623522,3.964295,190.273368,1,1,0.0,0,SAFE
0.0,0.0,0.0,0.0,1.0285744461985087e+29,1.0285744461985087e+29,0.0,1.0285744461985087e+29,0.0,0.096805,0.096805,0.096805,4.4963529133334176e+52,0.0,0,1,0.0,1,CRITICAL
9654.969,5311.87,1029.51,7996.41,283.22,246.54,36.68,264.88,7.7343,7.7663,0.032,15.5006,4.975711,7019.967982,1,1,0.0,0,SAFE
4393.8356,1038.36,641.3,4220.94,903.95,730.93,173.02,817.44,7.3847,7.5202,0.1355,14.9049,14.816623,1642.72374,1,1,0.0,0,SAFE
6.521823535670238e+28,9.464265807487551e+27,6.4404664916023905e+28,3.985603194263887e+27,268.7,6.5218235356702385e+28,6.5218235356702385e+28,3.2609117678351193e+28,7.7432,0.0,7.7432,7.7432,1.8077027447929454e+52,998.962058,1,1,0.0,0,SAFE
459.6916,100.6231,389.7852,221.9433,293.12,293.8,0.6796,293.46,7.7312,8.126157,0.394957,15.857357,2.715917,536.52069,0,1,0.0,0,SAFE
10866.718,9675.3,4738.44,1421.73,155.34,404.81,249.47,280.07,7.8229,7.6743,0.1486,15.4972,5.304645,9680.322833,1,1,0.0,0,SAFE
12242.7123,8301.44,8784.6,1949.59,963.76,270.6,693.16,617.18,7.3563,7.7751,0.4188,15.1314,2.566254,15643.766959,0,1,0.0,0,SAFE
0.0838,0.0816,0.019,0.0014,1186.91,1185.57,1.3384,1186.24,7.2384,7.040293,0.198107,14.278693,0.085,0.592744,0,0,0.0,1,CRITICAL
0.0171,0.0067,0.0142,0.0066,754.88,753.04,1.8366,753.96,7.4971,7.741652,0.244552,15.238752,13.365577,0.009226,1,1,0.0,1,CRITICAL
2502.6979,207.0417,202.1603,2485.9126,338.88,337.85,1.0269,338.37,7.7052,7.473909,0.231291,15.179109,3.033309,1991.370561,0,1,0.0,0,SAFE
12446.2418,678.92,4969.63,11390.82,204.6,186.04,18.56,195.32,7.7985,7.7854,0.0131,15.5839,2.042766,13127.024371,0,1,0.0,0,SAFE
0.8053,0.2485,0.4694,0.6053,413.14,410.21,2.9332,411.67,7.6539,7.191232,0.462668,14.845132,7.064779,0.517342,1,1,0.0,1,HIGH
9025.2921,1620.07,6339.49,6216.28,203.34,1082.88,879.54,643.11,7.7748,7.3403,0.4345,15.1151,0.085,54766.798059,0,0,0.0,0,SAFE
9500.6844,3145.3999,7610.147,4738.6839,391.99,394.13,2.1417,393.06,7.6782,7.781383,0.103183,15.459583,3.423996,9826.162606,0,1,0.0,0,SAFE
4160.7877,4016.9412,774.7548,759.0079,590.1,588.35,1.7516,589.22,7.556,7.091097,0.464903,14.647097,10.084486,2676.030958,1,1,0.0,0,SAFE
8675.8814,104.1,3898.01,7750.2,210.81,295.02,84.21,252.91,7.7861,7.7275,0.0586,15.5136,2.728741,8078.415741,0,1,0.0,0,SAFE
2.1039,1.267,1.5755,0.5822,777.14,772.24,4.9045,774.69,7.4584,7.554785,0.096385,15.013185,6.974618,1.607005,0,1,0.0,1,MEDIUM
9239.5943,9039.09,1206.47,1486.4,316.0,676.08,360.08,496.04,7.7215,7.5245,0.197,15.246,8.708336,6408.184685,1,1,0.0,0,SAFE
7827.0823,6816.98,3809.22,530.89,262.58,343.42,80.84,303.0,7.7459,7.6761,0.0698,15.422,5.494764,6874.86464,1,1,0.0,0,SAFE
9837.8053,6039.6806,4929.7162,6000.2141,251.84,248.53,3.3094,250.19,7.7626,7.942395,0.179795,15.704995,4.783636,8259.280954,1,1,0.0,0,SAFE
13813.6745,4091.4,7623.41,10768.55,958.57,262.96,695.61,610.76,7.3685,7.7313,0.3628,15.0998,11.515521,6829.936616,1,1,0.0,0,SAFE
0.0108,0.0002,0.0103,0.0033,164.41,160.25,4.1607,162.33,7.8192,8.022364,0.203164,15.841564,3.728821,0.011232,1,1,0.0,1,CRITICAL
10553.6537,8880.25,781.18,5648.94,977.38,241.79,735.59,609.59,7.3631,7.7623,0.3992,15.1254,9.31877,6535.406913,0,1,0.0,0,SAFE
1335.195,73.3116,969.5482,915.0669,227.77,223.21,4.5565,225.49,7.7732,7.758824,0.014376,15.532024,2.265411,1572.189865,0,1,0.0,0,SAFE
12280.2109,7366.86,4576.71,8694.06,1201.66,870.8,330.86,1036.23,7.2207,7.401,0.1803,14.6217,20.292642,4773.770377,1,1,0.0,0,SAFE
993.5123,494.0324,531.4617,678.6361,399.4,397.17,2.2253,398.29,7.6801,7.614205,0.065895,15.294305,6.858832,673.115539,1,1,0.0,0,SAFE
900.2919,79.1659,17.0827,896.6418,320.82,317.05,3.7698,318.94,7.7244,7.337007,0.387393,15.061407,5.700595,520.849121,1,1,0.0,0,SAFE
1611.0115,68.345,1541.7639,462.2242,372.25,375.82,3.5692,374.03,7.701,7.638096,0.062904,15.339096,3.275985,1792.490908,0,1,0.0,0,SAFE
380.1265,144.1074,55.3946,347.3625,330.98,333.0,2.0178,331.99,7.7118,7.769781,0.057981,15.481581,5.883756,236.54446,1,1,0.0,0,SAFE
47.0054,3.0958,27.6608,37.8788,296.36,295.99,0.3725,296.17,7.7318,7.253529,0.478271,14.985329,2.737804,46.824328,0,1,0.0,0,LOW
0.0911,0.0157,0.0458,0.0771,532.11,534.2,2.0912,533.16,7.5995,7.415317,0.184183,15.014817,9.072999,0.048348,1,1,0.0,1,CRITICAL
910.8107,902.3695,60.4644,107.9331,260.13,261.83,1.6982,260.98,7.7362,7.704133,0.032067,15.440333,4.922264,843.023001,1,1,0.0,0,SAFE
25.0182,5.8082,0.9626,24.3156,149.13,144.26,4.8726,146.69,7.8328,7.86562,0.03282,15.69842,3.554859,18.857396,1,1,0.0,0,LOW
4776.482,2609.46,1886.68,3527.88,872.81,236.72,636.09,554.76,7.4288,7.7674,0.3386,15.1962,10.316296,2559.388422,1,1,0.0,0,SAFE
10651.2815,2881.9,6530.18,7905.77,238.05,171.69,66.36,204.87,7.7702,7.7964,0.0262,15.5666,4.232512,8891.129768,1,1,0.0,0,SAFE
9115.7422,5296.47,7196.8,1802.84,238.19,268.29,30.1,253.24,7.7997,7.7253,0.0744,15.525,2.358429,12103.319164,0,1,0.0,0,SAFE
11267.294,5633.06,8232.08,5239.6,1011.41,825.38,186.03,918.39,7.3498,7.4678,0.118,14.8176,17.174217,5257.540343,1,1,0.0,0,SAFE
13556.9269,10123.77,8958.97,1018.04,683.32,318.77,364.55,501.05,7.5206,7.7506,0.23,15.2712,8.80018,9406.511667,1,1,0.0,0,SAFE
13614.752,13318.34,250.34,2814.36,970.22,227.57,742.65,598.89,7.3488,7.7758,0.427,15.1246,11.436346,8200.559181,1,1,0.0,0,SAFE
1932.7023,1808.79,405.0,547.35,681.83,266.7,415.13,474.26,7.5042,7.7505,0.2463,15.2547,8.434342,1341.022141,1,1,0.0,0,SAFE
1.3904,0.1357,1.0733,0.8735,992.7,995.55,2.8479,994.12,7.3667,7.049828,0.316872,14.416528,0.085,8.687285,0,0,0.0,1,MEDIUM
10255.0216,7145.58,1651.56,7167.88,822.6,904.94,82.34,863.77,7.442,7.4168,0.0252,14.8588,15.82329,4536.515454,1,1,0.0,0,SAFE
9706.1071,6989.31,1407.51,6586.12,196.84,1088.43,891.59,642.63,7.7982,7.336,0.4622,15.1342,12.786957,4827.26837,1,1,0.0,0,SAFE
537.4015,75.8259,182.428,499.7707,255.41,255.63,0.2154,255.52,7.735,7.667153,0.067847,15.402153,2.467738,508.331143,0,1,0.0,0,SAFE
9397.5645,3775.4532,4264.9466,7474.6505,933.09,930.42,2.6701,931.75,7.386,7.372692,0.013308,14.758692,17.424354,3737.653821,1,1,0.0,0,SAFE
0.0728,0.0083,0.0595,0.0412,299.76,295.94,3.8167,297.85,7.73,8.16603,0.43603,15.89603,5.410853,0.058511,1,1,0.0,1,CRITICAL
5165.1836,2307.73,4610.0,318.44,284.97,245.23,39.74,265.1,7.7301,7.7393,0.0092,15.4694,4.979069,4767.021863,1,1,0.0,0,SAFE
11915.5088,8555.43,6012.52,5712.58,901.91,410.73,491.18,656.32,7.4182,7.65,0.2318,15.0682,3.567574,12146.614956,0,1,0.0,0,SAFE
5380.3421,3999.25,1768.08,3134.96,243.17,931.41,688.24,587.29,7.7344,7.3838,0.3506,15.1182,8.750472,3377.556571,0,1,0.0,0,SAFE
38.014,31.7162,1.7055,20.8864,191.54,195.28,3.7418,193.41,7.7985,7.858349,0.059849,15.656849,0.085,245.225448,0,0,0.0,0,LOW
1.0551992029551344e+29,7.98086382208148e+27,9.425657182601614e+28,4.675957719475189e+28,191.19,1.0551992029551344e+29,1.0551992029551344e+29,5.275996014775672e+28,7.8237,0.0,7.8237,7.8237,4.732142771147892e+52,943.87832,1,1,0.0,0,SAFE
2522.654,1356.38,1520.58,1487.23,199.29,230.08,30.79,214.69,7.7767,7.7659,0.0108,15.5426,0.085,16023.382993,0,0,0.0,0,SAFE
0.0752,0.0689,0.0122,0.0275,196.7,194.5,2.2039,195.6,7.7968,8.279524,0.482724,16.076324,2.092381,0.103129,0,1,0.0,1,CRITICAL
1173.5834,274.67,1053.67,437.76,822.07,842.97,20.9,832.52,7.4212,7.4582,0.037,14.8794,15.093609,598.19453,1,1,0.0,0,SAFE
8851.4639,381.71,7833.35,4103.82,461.39,363.98,97.41,412.69,7.6321,7.6927,0.0606,15.3248,7.100612,6426.082676,1,1,0.0,0,SAFE
0.7934,0.5885,0.5087,0.1564,912.97,914.95,1.9799,913.96,7.4002,7.686997,0.286797,15.087197,16.993912,0.392469,1,1,0.0,1,HIGH
802.2003,161.2023,325.4159,715.2927,220.66,224.63,3.9734,222.65,7.7654,7.40204,0.36336,15.16744,0.085,4238.389267,0,0,0.0,0,SAFE
12820.3083,9597.78,8450.41,912.96,273.18,346.01,72.83,309.6,7.7437,7.7133,0.0304,15.457,5.582546,11170.282258,1,1,0.0,0,SAFE
74.1119,55.1543,41.7588,26.5853,291.71,288.53,3.185,290.12,7.7454,8.021662,0.276262,15.767062,5.30645,63.910811,1,1,0.0,0,SAFE
47.159,26.9548,35.2377,15.991,835.87,835.73,0.1391,835.8,7.4268,7.918327,0.491527,15.345127,15.167084,24.153157,1,1,0.0,0,LOW
0.8872,0.1988,0.3087,0.8077,411.75,411.04,0.7063,411.4,7.67,8.013821,0.343821,15.683821,3.575474,0.710562,0,1,0.0,1,HIGH
945.1455,589.8103,606.6701,421.1594,918.45,921.23,2.7785,919.84,7.3725,7.760952,0.388452,15.133452,8.593502,626.941316,0,1,0.0,0,SAFE
0.3939,0.1336,0.1196,0.3507,245.21,243.24,1.9654,244.23,7.7672,7.27452,0.49268,15.04172,4.70794,0.279968,1,1,0.0,1,HIGH
7954.2485,4599.74,6489.41,4.3,120.78,848.45,727.67,484.62,7.8644,7.4148,0.4496,15.2792,9.365662,5358.266861,1,1,0.0,0,SAFE
16.8089,15.5686,5.5962,2.9729,345.72,347.03,1.3117,346.38,7.707,7.669736,0.037264,15.376736,3.08228,19.565478,0,1,0.0,0,LOW
13018.0614,7381.44,8969.39,5876.59,294.43,422.36,127.93,358.39,7.7287,7.6666,0.0621,15.3953,6.297935,10070.523404,1,1,0.0,0,SAFE
0.0873,0.0321,0.0812,0.0,282.42,281.96,0.4595,282.19,7.7419,7.298133,0.443767,15.040033,5.200484,0.078953,1,1,0.0,1,CRITICAL
0.6565,0.5018,0.1003,0.4113,858.6,853.73,4.8682,856.17,7.4483,7.631184,0.182884,15.079484,15.633131,0.3027,1,1,0.0,1,HIGH
13140.8463,12159.79,3721.49,3312.38,902.74,190.95,711.79,546.85,7.4292,7.7929,0.3637,15.2221,10.391638,8254.146522,1,1,0.0,0,SAFE
111.7449,99.3309,50.7534,6.6632,208.48,203.69,4.7949,206.08,7.7783,7.856656,0.078356,15.634956,0.085,789.375104,0,0,0.0,0,SAFE
11169.1442,467.72,1075.7,11107.38,296.72,187.73,108.99,242.23,7.7298,7.7939,0.0641,15.5237,2.740242,9336.883167,0,1,0.0,0,SAFE
44.0158,19.9966,36.2646,14.9133,249.49,252.56,3.0673,251.02,7.795,8.115193,0.320193,15.910193,2.429875,56.325,0,1,0.0,0,LOW
4.865,0.2464,4.5364,1.7401,197.94,196.7,1.2424,197.32,7.7876,7.979959,0.192359,15.767559,2.112761,6.650283,0,1,0.0,1,MEDIUM
1500.314,990.77,1046.12,418.27,234.21,204.91,29.3,219.56,7.7627,7.8024,0.0397,15.5651,4.40284,1441.867694,1,1,0.0,0,SAFE
9042.9402,2029.31,3677.08,8008.48,191.71,99.32,92.39,145.51,7.7999,7.8811,0.0812,15.681,3.560001,7422.087803,1,1,0.0,0,SAFE
0.7956,0.7887,0.0381,0.0974,263.51,260.13,3.3788,261.82,7.7621,7.744463,0.017637,15.506563,2.520027,1.028862,0,1,0.0,1,HIGH
0.0043,0.0028,0.0032,0.0006,914.19,914.18,0.0134,914.18,7.3894,7.76121,0.37181,15.15061,16.999272,0.002123,1,1,0.0,1,CRITICAL
10791.9709,1189.97,9071.25,5723.9,190.5,317.22,126.72,253.86,7.7993,7.7214,0.0779,15.5207,4.864715,9265.419699,1,1,0.0,0,SAFE
9340.3096,2649.97,8124.37,3770.1,375.17,167.06,208.11,271.12,7.6599,7.8081,0.1482,15.468,3.297671,10112.309443,0,1,0.0,0,SAFE
1789.0596,1573.91,850.55,10.3,270.84,256.01,14.83,263.42,7.742,7.7364,0.0056,15.4784,4.954418,1656.986379,1,1,0.0,0,SAFE
6419.0018,1862.0362,565.1903,6116.9408,235.21,237.7,2.4887,236.45,7.7663,7.540925,0.225375,15.307225,4.610116,4338.383452,1,1,0.0,0,SAFE
10965.2891,3683.96,7991.99,6541.72,253.01,296.87,43.86,274.94,7.7473,7.7225,0.0248,15.4698,2.741258,12229.256885,0,1,0.0,0,SAFE
335.1002,27.8285,73.4717,325.7601,402.56,406.18,3.6189,404.37,7.6649,7.832631,0.167731,15.497531,6.952043,180.572534,1,1,0.0,0,SAFE
12565.3155,7467.82,8289.37,5779.72,433.79,282.84,150.95,358.31,7.6374,7.7403,0.1029,15.3777,6.310409,9686.927144,1,1,0.0,0,SAFE
6024.2833,2580.0238,2954.5649,4572.3094,352.11,349.54,2.5721,350.82,7.6848,7.412018,0.272782,15.096818,3.128389,5790.086203,0,1,0.0,0,SAFE
12879.5722,3907.62,3632.17,11722.68,248.44,1053.98,805.54,651.21,7.7505,7.3391,0.4114,15.0896,12.643819,5486.048425,1,1,0.0,0,SAFE
8635.0505,1040.49,7030.55,4904.37,694.11,815.57,121.46,754.84,7.5224,7.4205,0.1019,14.9429,13.415648,4403.209344,1,1,0.0,0,SAFE
9130.3217,8821.86,638.3,2264.98,386.79,271.52,115.27,329.15,7.699,7.7358,0.0368,15.4348,3.384685,10054.663123,0,1,0.0,0,SAFE
4.8331,4.188,2.3871,0.348,251.93,256.03,4.0985,253.98,7.7604,7.442086,0.318314,15.202486,2.445445,6.362306,0,1,0.0,1,MEDIUM
6814.8694,5462.31,3236.57,2475.93,282.51,319.53,37.02,301.02,7.7402,7.7256,0.0146,15.4658,5.456793,5789.559431,1,1,0.0,0,SAFE
9601.8931,8481.52,4467.9,545.93,232.21,213.03,19.18,222.62,7.7561,7.7845,0.0284,15.5406,0.085,67834.642311,0,0,0.0,0,SAFE
11763.898,2985.89,3741.26,10746.01,212.64,324.19,111.55,268.41,7.7681,7.7126,0.0555,15.4807,5.045366,7907.77157,1,1,0.0,0,SAFE
13214.4928,11944.26,2589.7,5025.03,1030.36,208.77,821.59,619.56,7.3281,7.8089,0.4808,15.137,2.177508,17704.347197,0,1,0.0,0,SAFE
5272.6625,1328.7414,4052.588,3100.3141,269.95,265.49,4.4643,267.72,7.7437,7.923144,0.179444,15.666844,5.009863,4365.118859,1,1,0.0,0,SAFE
8447.7165,3638.01,3865.72,6571.53,959.33,303.97,655.36,631.65,7.3423,7.7375,0.3952,15.0798,11.79805,4130.963185,1,1,0.0,0,SAFE
5889.7723,4498.61,2688.81,2687.42,287.11,376.18,89.07,331.64,7.72,7.6899,0.0301,15.4099,5.895743,4702.536164,1,1,0.0,0,SAFE
1394.5928,97.5462,983.4422,983.9793,189.4,187.58,1.8224,188.49,7.7901,8.250738,0.460638,16.040838,2.062408,1702.758244,0,1,0.0,0,SAFE
8960.0334,783.67,2326.28,8617.22,273.59,186.39,87.2,229.99,7.7465,7.8247,0.0782,15.5712,4.545684,6040.686733,1,1,0.0,0,SAFE
10017.5436,9041.22,3938.21,1760.12,164.69,688.31,523.62,426.5,7.8324,7.5128,0.3196,15.3452,7.879047,7293.941141,1,1,0.0,0,SAFE
11361.6664,9445.8,1183.59,6201.89,354.73,710.57,355.84,532.65,7.6726,7.4904,0.1822,15.163,9.333183,7003.667103,1,1,0.0,0,SAFE
0.0616,0.0028,0.0469,0.0399,345.45,344.37,1.0766,344.91,7.7151,7.987663,0.272563,15.702763,6.067947,0.045176,1,1,0.0,1,CRITICAL
6436.6365,6373.45,884.4,165.11,405.61,187.1,218.51,296.36,7.6426,7.7951,0.1525,15.4377,5.492002,5661.202528,1,1,0.0,0,SAFE
13015.8297,9269.55,3175.29,8567.66,301.13,212.9,88.23,257.01,7.7163,7.7776,0.0613,15.4939,2.770189,14047.957773,0,1,0.0,0,SAFE
0.0595,0.0407,0.0097,0.0422,152.2,148.08,4.1235,150.14,7.8413,7.796745,0.044555,15.638045,1.850301,0.076458,0,1,0.0,1,CRITICAL
1.4573,0.2258,0.555,1.3284,879.83,878.1,1.7328,878.96,7.4251,7.922494,0.497394,15.347594,8.134206,0.772899,0,1,0.0,1,MEDIUM
452.9693,146.689,376.1809,205.3082,178.74,180.84,2.1044,179.79,7.8144,7.39882,0.41558,15.21322,2.012584,619.542451,0,1,0.0,0,SAFE
12501.8052,2013.6,2922.19,11987.55,193.33,1064.31,870.98,628.82,7.7798,7.3152,0.4646,15.095,12.443032,5110.359794,1,1,0.0,0,SAFE
10897.1617,5915.55,8548.73,3267.05,345.2,755.76,410.56,550.48,7.6755,7.4949,0.1806,15.1704,9.738009,7016.963934,1,1,0.0,0,SAFE
13237.6525,4179.24,7546.89,10040.61,511.71,863.04,351.33,687.38,7.612,7.4261,0.1859,15.0381,12.246099,6432.565981,1,1,0.0,0,SAFE
1473.2949,1134.041,216.9297,915.1449,239.5,236.01,3.489,237.76,7.7489,8.15461,0.40571,15.90351,0.085,9233.973793,0,0,0.0,0,SAFE
0.0364,0.0057,0.0137,0.0333,293.85,297.18,3.3319,295.52,7.7247,7.737702,0.013002,15.462402,2.720841,0.033308,0,1,0.0,1,CRITICAL
7094.935,582.83,4287.42,5622.85,290.61,270.02,20.59,280.31,7.7373,7.7442,0.0069,15.4815,5.176479,5187.260857,1,1,0.0,0,SAFE
1154.3105,610.7753,861.675,465.7279,1202.68,1200.02,2.657,1201.35,7.2608,7.030037,0.230763,14.290837,12.363757,645.443536,0,1,0.0,0,SAFE
0.2566,0.1973,0.1628,0.02,966.75,965.19,1.5622,965.97,7.3383,7.801172,0.462872,15.139472,18.267056,0.123548,1,1,0.0,1,HIGH
5243.9088,3380.46,50.16,4008.56,267.09,242.63,24.46,254.86,7.7638,7.7732,0.0094,15.537,4.844687,4036.326756,1,1,0.0,0,SAFE
325.782,145.7681,278.2003,86.5459,160.22,161.75,1.5332,160.99,7.8054,7.306684,0.498716,15.112084,1.895034,478.220153,0,1,0.0,0,SAFE
0.1503,0.0358,0.112,0.0936,738.97,736.46,2.5131,737.71,7.4798,7.820511,0.340711,15.300311,13.021457,0.076063,1,1,0.0,1,HIGH
0.076,0.0606,0.0081,0.0452,398.76,396.42,2.3428,397.59,7.6825,7.53129,0.15121,15.21379,3.475521,0.075374,0,1,0.0,1,CRITICAL
0.2597,0.2454,0.0671,0.0521,966.41,964.12,2.2881,965.27,7.3755,7.812495,0.436995,15.187995,18.249548,0.123897,1,1,0.0,1,HIGH
55.439,25.1166,33.5304,36.3091,216.1,212.43,3.6657,214.27,7.7799,7.761899,0.018001,15.541799,4.336538,47.899325,1,1,0.0,0,SAFE
22.2295,15.6689,9.0196,12.9338,882.52,886.26,3.7397,884.39,7.388,7.734996,0.346996,15.122996,8.165787,14.450556,0,1,0.0,0,LOW
947.9059,9.6739,702.875,635.9235,180.42,180.27,0.1458,180.35,7.7962,8.112383,0.316183,15.908583,0.085,5804.565758,0,0,0.0,0,SAFE
6015.201,5299.4,1211.83,2574.97,273.17,229.22,43.95,251.19,7.7199,7.7587,0.0388,15.4786,4.800603,5363.915001,1,1,0.0,0,SAFE
1773.789,241.6634,1192.3085,1290.8628,242.08,244.15,2.0707,243.12,7.752,7.60392,0.14808,15.35592,4.693883,1417.955469,1,1,0.0,0,SAFE
9169.2043,3476.09,7517.8979,3933.4865,865.81,866.69,0.8777,866.25,7.4437,6.993004,0.450696,14.436704,15.866407,4496.42158,1,1,0.0,0,SAFE
3742.3491,3553.0897,399.2704,1105.1305,180.82,177.05,3.7699,178.94,7.7893,8.111433,0.322133,15.900733,2.012442,5305.099586,0,1,0.0,0,SAFE
0.2264,0.0818,0.188,0.0962,971.4,973.01,1.6116,972.21,7.3343,6.935966,0.398334,14.270266,9.243826,0.145647,0,1,0.0,1,HIGH
0.0828,0.0063,0.0035,0.0825,315.72,313.56,2.1629,314.64,7.6926,7.525343,0.167257,15.217943,5.640916,0.048152,1,1,0.0,1,CRITICAL
43.8205,23.4886,26.0452,26.2712,182.26,180.14,2.1208,181.2,7.8215,7.531884,0.289616,15.353384,3.944289,40.693035,1,1,0.0,0,LOW
8661.3211,3631.59,4898.33,6151.13,191.21,214.12,22.91,202.67,7.7875,7.7879,0.0004,15.5754,4.197889,7393.819834,1,1,0.0,0,SAFE
491.4589,455.8054,126.5862,133.2262,225.42,223.95,1.47,224.68,7.7738,7.513537,0.260263,15.287337,2.278995,657.292651,0,1,0.0,0,SAFE
8182.8885,6400.6,1098.01,4978.59,304.25,283.11,21.14,293.68,7.7194,7.7464,0.027,15.4658,5.355337,6497.014992,1,1,0.0,0,SAFE
8698.1572,3826.71,7333.9,2688.52,1121.7,826.82,294.88,974.26,7.2902,7.4317,0.1415,14.7219,18.659039,4039.564997,1,1,0.0,0,SAFE
12172.0981,9262.69,1673.77,7717.58,731.52,200.21,531.31,465.87,7.5029,7.7863,0.2834,15.2892,8.529476,7572.081813,1,1,0.0,0,SAFE
4056.8428,84.5056,3542.1734,1975.8136,640.57,644.43,3.8647,642.5,7.5452,7.722619,0.177419,15.267819,11.09518,2339.541982,1,1,0.0,0,SAFE
2415.3898,647.0635,1931.7981,1297.5257,335.79,332.49,3.2972,334.14,7.7038,7.55301,0.15079,15.25681,5.914254,1876.242096,1,1,0.0,0,SAFE
1.8289,0.2328,1.391,1.1644,256.63,253.24,3.3912,254.93,7.7496,7.639724,0.109876,15.389324,2.475578,2.109365,0,1,0.0,1,MEDIUM
0.8279,0.7745,0.0016,0.2924,640.57,638.53,2.0438,639.55,7.5432,7.051317,0.491883,14.594517,11.037853,0.4956,1,1,0.0,1,HIGH
10464.9887,2554.8,10143.14,325.11,179.16,369.64,190.48,274.4,7.8144,7.705,0.1094,15.5194,3.256663,11951.717915,0,1,0.0,0,SAFE
9456.8703,5116.09,7725.26,1891.66,376.81,1049.79,672.98,713.3,7.6781,7.3426,0.3355,15.0207,13.47524,5251.607092,1,1,0.0,0,SAFE
1401.2825,471.7579,1276.7418,333.1177,188.19,190.16,1.9748,189.18,7.8134,7.75088,0.06252,15.56428,2.066892,1977.58185,0,1,0.0,0,SAFE
213.7889,55.3165,204.3615,29.7012,391.46,391.81,0.3516,391.64,7.6643,7.479901,0.184399,15.144201,3.419979,237.042899,0,1,0.0,0,SAFE
44.6952,32.6204,19.7597,23.3051,639.99,643.14,3.1493,641.56,7.5327,7.522389,0.010311,15.055089,5.565703,35.98632,0,1,0.0,0,LOW
4.7966,3.844,2.6481,1.1039,640.04,636.93,3.1098,638.49,7.5318,7.100635,0.431165,14.632435,5.566188,4.129175,0,1,0.0,1,MEDIUM
0.0824,0.0165,0.0058,0.0805,208.54,203.68,4.8551,206.11,7.7829,7.297298,0.485602,15.080198,0.085,0.399096,0,0,0.0,1,CRITICAL
3090.1,1366.3,2397.39,1390.85,155.12,329.4,174.28,242.26,7.8124,7.7118,0.1006,15.5242,2.966094,3484.5499,0,1,0.0,0,SAFE
15.8416,14.6818,0.9631,5.8715,245.8,247.39,1.5937,246.6,7.7509,7.375331,0.375569,15.126231,4.737964,14.419796,1,1,0.0,0,LOW
3292.5074,1392.3446,845.1677,2861.411,193.17,191.26,1.912,192.21,7.7938,7.895074,0.101274,15.688874,2.08456,3581.608529,0,1,0.0,0,SAFE
4246.6096,2311.22,261.32,3552.98,228.54,312.16,83.62,270.35,7.7753,7.7226,0.0527,15.4979,5.059091,3042.704245,1,1,0.0,0,SAFE
0.5252,0.1077,0.504,0.1013,759.35,760.0,0.655,759.68,7.4991,7.991047,0.491947,15.490147,13.487694,0.291749,1,1,0.0,1,HIGH
12310.5579,3532.61,9919.75,6377.23,226.66,565.91,339.25,396.28,7.7699,7.5763,0.1936,15.3462,7.072845,8802.742866,1,1,0.0,0,SAFE
42.3886,11.2355,27.3448,30.3779,228.57,231.03,2.4575,229.8,7.7665,7.38149,0.38501,15.14799,0.085,253.38871,0,0,0.0,0,LOW
9730.9986,8174.4653,4977.3272,1759.7344,208.9,209.61,0.7079,209.25,7.7657,8.105811,0.340111,15.871511,4.275851,9613.005717,1,1,0.0,0,SAFE
606.2743,81.1273,513.1172,312.5661,228.91,225.19,3.7157,227.05,7.7751,7.665735,0.109365,15.440835,2.300567,760.767145,0,1,0.0,0,SAFE
1062.8035,1039.9244,51.3833,213.2327,165.91,169.75,3.842,167.83,7.8229,7.760639,0.062261,15.583539,1.927104,1560.571678,0,1,0.0,0,SAFE
7240.1956,1856.73,5070.01,4823.69,186.96,995.56,808.6,591.26,7.8106,7.3323,0.4783,15.1429,9.548474,4192.68086,0,1,0.0,0,SAFE
6550.6643,1327.18,5956.95,2380.03,393.85,771.55,377.7,582.7,7.686,7.4722,0.2138,15.1582,10.267181,4057.094989,1,1,0.0,0,SAFE
0.0569,0.0008,0.0349,0.0449,215.11,218.56,3.4495,216.83,7.7854,7.778499,0.006901,15.563899,0.085,0.325063,0,0,0.0,1,CRITICAL
219.4978,8.3951,204.1349,80.2357,969.92,971.74,1.823,970.83,7.364,7.282998,0.081002,14.646998,18.388443,101.531981,1,1,0.0,0,SAFE
7142.3663,5026.6,4820.95,1582.76,205.36,231.28,25.92,218.32,7.7766,7.7632,0.0134,15.5398,2.315274,9543.96561,0,1,0.0,0,SAFE
9583.5858,4932.76,6854.47,4530.92,567.74,871.4,303.66,719.57,7.5636,7.4194,0.1442,14.983,12.838428,5160.294945,1,1,0.0,0,SAFE
0.0999,0.039,0.0226,0.0891,189.33,190.06,0.7291,189.69,7.7945,7.588972,0.205528,15.383472,4.043269,0.076464,1,1,0.0,1,CRITICAL
0.0508,0.0372,0.0297,0.0177,983.67,986.12,2.4462,984.89,7.3751,7.812487,0.437387,15.187587,18.741726,0.023359,1,1,0.0,1,CRITICAL
22.1776,19.2756,8.0923,7.4035,462.65,462.67,0.0193,462.66,7.6307,7.291217,0.339483,14.921917,3.980954,22.194077,0,1,0.0,0,LOW
40.7825,36.2685,18.2111,4.0211,314.34,318.52,4.177,316.43,7.7254,8.130411,0.405011,15.855811,2.860886,49.572651,0,1,0.0,0,LOW
12206.4105,12000.08,629.15,2144.46,929.42,254.15,675.27,591.78,7.3892,7.7587,0.3695,15.1479,11.100931,7487.675704,1,1,0.0,0,SAFE
6783.4858,3083.39,1373.57,5884.02,222.01,217.33,4.68,219.67,7.7756,7.78,0.0044,15.5556,2.258018,7099.821383,0,1,0.0,0,SAFE
13333.4703,4598.27,11565.27,4783.5,281.84,978.21,696.37,630.02,7.7718,7.3689,0.4029,15.1407,11.884609,7683.076225,1,1,0.0,0,SAFE
14150.4092,6408.62,4161.37,11909.94,784.6,883.15,98.55,833.88,7.4806,7.4233,0.0573,14.9039,15.14403,5837.641342,1,1,0.0,0,SAFE
8224.944,2711.33,5051.57,5897.46,182.69,633.26,450.57,407.98,7.8185,7.5585,0.26,15.377,7.438961,5254.547351,1,1,0.0,0,SAFE
10876.8626,2796.16,1871.34,10343.39,292.49,730.67,438.18,511.58,7.7355,7.5158,0.2197,15.2513,9.106003,5241.748969,1,1,0.0,0,SAFE
1630.1411,1159.8828,459.543,1049.215,293.36,293.86,0.4995,293.61,7.6997,7.705792,0.006092,15.405492,5.35344,1274.403567,1,1,0.0,0,SAFE
0.4903,0.3087,0.0103,0.3809,214.88,217.62,2.7442,216.25,7.7766,7.880092,0.103492,15.656692,4.360661,0.394712,1,1,0.0,1,HIGH
13693.2846,6221.9,7948.1,9253.2,1093.03,248.06,844.97,670.54,7.3158,7.7623,0.4465,15.0781,13.163688,6721.623288,1,1,0.0,0,SAFE
1.4411297093728936e+22,9.544722768997191e+21,5.984377318316586e+21,8.987267621403328e+21,1.4411297093728936e+22,284.66,1.4411297093728936e+22,7.205648546864468e+21,0.0,7.7153,7.7153,7.7153,8.826633066758104e+38,885.403208,1,1,0.0,0,SAFE
14360.0141,2716.16,4442.11,13382.83,896.28,969.64,73.36,932.96,7.3758,7.3719,0.0039,14.7477,17.465118,5095.785216,1,1,0.0,0,SAFE
0.7975,0.0636,0.7821,0.1423,886.5,884.68,1.8239,885.59,7.408,6.949413,0.458587,14.357413,8.212625,0.568601,0,1,0.0,1,HIGH
1096.0898,1078.0635,93.2766,174.6178,286.3,283.89,2.4096,285.1,7.7485,7.521747,0.226753,15.270247,2.670138,1373.062353,0,1,0.0,0,SAFE
73.391,57.9069,27.4123,35.7994,786.53,781.91,4.6156,784.22,7.4611,7.115964,0.345136,14.577064,14.018471,37.644341,1,1,0.0,0,SAFE
9984.9127,9226.88,3797.35,378.55,819.95,213.69,606.26,516.82,7.4254,7.7879,0.3625,15.2133,9.569391,6651.553997,1,1,0.0,0,SAFE
1.9566,0.3125,1.6885,0.9378,191.34,190.29,1.0538,190.81,7.7858,7.579338,0.206462,15.365138,2.073792,2.616088,0,1,0.0,1,MEDIUM
4267.7587,1159.09,201.06,4102.42,979.64,219.1,760.54,599.37,7.3808,7.7968,0.416,15.1776,9.347172,2007.545995,0,1,0.0,0,SAFE
1757.3436,1202.1546,339.9694,1235.9214,320.25,323.66,3.4131,321.96,7.7118,8.042621,0.330821,15.754421,5.742732,1287.43333,1,1,0.0,0,SAFE
7407.5826,1183.99,2826.18,6744.12,215.72,681.2,465.48,448.46,7.7765,7.5101,0.2664,15.2866,8.106826,3939.519078,1,1,0.0,0,SAFE
3201.3245,2672.08,1699.24,470.16,177.08,944.3,767.22,560.69,7.798,7.3981,0.3999,15.1961,8.908011,2197.941081,0,1,0.0,0,SAFE
9611.0401,6689.7033,6695.7157,1669.5368,287.27,290.53,3.2609,288.9,7.741,7.330014,0.410986,15.071014,5.290116,8542.030963,1,1,0.0,0,SAFE
2.3154,0.1085,1.5284,1.7358,982.58,985.57,2.992,984.08,7.363,7.746122,0.383122,15.109122,18.721112,0.914868,1,1,0.0,1,MEDIUM
13401.7035,7970.9,787.2,10744.8,392.78,780.75,387.97,586.76,7.6435,7.4577,0.1858,15.1012,10.358851,6882.820127,1,1,0.0,0,SAFE
13576.4141,600.32,13396.45,2119.85,206.46,866.87,660.41,536.66,7.7923,7.4326,0.3597,15.2249,7.982918,9838.6935,0,1,0.0,0,SAFE
12421.2148,3843.51,6885.19,9597.3,181.46,748.2,566.74,464.83,7.8038,7.4956,0.3082,15.2994,6.664014,8109.390839,0,1,0.0,0,SAFE
16.2884,12.8676,9.7836,2.0045,385.56,383.73,1.8281,384.65,7.6802,7.313699,0.366501,14.993899,3.37542,18.200114,0,1,0.0,0,LOW
0.0178,0.0101,0.0097,0.0111,389.67,384.94,4.7337,387.3,7.6659,7.23129,0.43461,14.89719,3.406429,0.017661,0,1,0.0,1,CRITICAL
3914.5127,122.76,1033.03,3773.75,271.39,221.23,50.16,246.31,7.7278,7.7518,0.024,15.4796,2.571431,3499.968678,0,1,0.0,0,SAFE
7471.3187,1970.53,6442.33,3230.17,900.35,358.22,542.13,629.29,7.4189,7.6899,0.271,15.1088,11.464467,4306.321608,1,1,0.0,0,SAFE
0.7049,0.6866,0.1266,0.0968,203.88,205.26,1.3805,204.57,7.7941,7.454646,0.339454,15.248746,2.156418,0.984367,0,1,0.0,1,HIGH
11951.5344,6058.48,8910.71,5170.42,887.54,187.0,700.54,537.27,7.4343,7.7993,0.365,15.2336,2.048368,16295.737168,0,1,0.0,0,SAFE
9403.9789,3476.3858,8412.5247,2361.9886,1215.76,1215.24,0.5185,1215.5,7.2414,6.976881,0.264519,14.218281,25.015015,3807.664282,1,1,0.0,0,SAFE
12895.0065,10763.16,4717.44,5308.61,267.31,288.62,21.31,277.97,7.7564,7.7402,0.0162,15.4966,5.145416,11154.050101,1,1,0.0,0,SAFE
16.2695,6.6666,5.6245,13.7338,293.77,297.64,3.8715,295.71,7.7243,7.96342,0.23912,15.68772,5.381787,11.237444,1,1,0.0,0,LOW
8996.3373,5696.94,6504.22,2484.77,234.07,228.74,5.33,231.41,7.7774,7.8043,0.0269,15.5817,4.547163,8511.113142,1,1,0.0,0,SAFE
12500.5457,5081.67,7477.07,8633.29,694.65,287.61,407.04,491.13,7.5251,7.712,0.1869,15.2371,8.701952,7489.675946,1,1,0.0,0,SAFE
3.5554,0.3789,1.8322,3.0233,936.19,936.11,0.0803,936.15,7.3649,7.758513,0.393613,15.123413,17.531474,1.354032,1,1,0.0,1,MEDIUM
10968.6446,3375.83,9295.63,4744.07,201.72,213.04,11.32,207.38,7.789,7.7969,0.0079,15.5859,4.253557,10378.707112,1,1,0.0,0,SAFE
2.8663,2.1597,1.6631,0.886,344.41,345.9,1.4875,345.15,7.7045,7.544259,0.160241,15.248759,3.07287,3.280153,0,1,0.0,1,MEDIUM
6093.0681,2679.11,3909.77,3829.04,258.87,423.86,164.99,341.37,7.7395,7.6466,0.0929,15.3861,3.669949,5793.152769,0,1,0.0,0,SAFE
6796.3179,1085.18,2149.05,6355.62,376.3,157.99,218.31,267.14,7.7003,7.8362,0.1359,15.5365,5.103623,4447.09814,1,1,0.0,0,SAFE
2243.8525,784.2,1957.22,767.59,790.32,133.01,657.31,461.67,7.4393,7.8572,0.4179,15.2965,8.778916,1509.632381,1,1,0.0,0,SAFE
202.6058,128.1096,57.5468,146.0322,822.16,824.52,2.3617,823.34,7.4195,6.970859,0.448641,14.390359,7.471955,128.878681,0,1,0.0,0,SAFE
17.2818,12.5923,11.7657,1.2895,226.33,222.55,3.7808,224.44,7.7624,8.215098,0.452698,15.977498,0.085,122.0119,0,0,0.0,0,LOW
8922.1074,981.92,3842.74,7992.07,387.34,260.25,127.09,323.79,7.7101,7.7381,0.028,15.4482,3.388832,7438.43833,0,1,0.0,0,SAFE
90.0558,24.2026,16.9018,85.0801,163.5,162.1,1.4017,162.8,7.8063,7.877888,0.071588,15.684188,3.734077,68.216588,1,1,0.0,0,SAFE
1176.4039,1098.3852,418.6781,46.7423,676.43,677.34,0.91,676.88,7.5281,7.676925,0.148825,15.205025,11.772997,706.507653,1,1,0.0,0,SAFE
10782.8873,5300.16,4376.73,8308.02,277.67,157.6,120.07,217.63,7.7452,7.8143,0.0691,15.5595,2.612775,11258.493545,0,1,0.0,0,SAFE
1123.3359,837.9111,743.7587,81.3104,197.4,196.29,1.109,196.85,7.7774,7.674146,0.103254,15.451546,2.10299,1594.602867,0,1,0.0,0,SAFE
4368.2445,2904.98,1574.63,2857.13,792.24,679.83,112.41,736.04,7.456,7.5061,0.0501,14.9621,13.013003,2179.637471,1,1,0.0,0,SAFE
10004.7283,592.36,1631.47,9853.02,622.53,164.72,457.81,393.62,7.5618,7.8124,0.2506,15.3742,7.233187,5207.90669,1,1,0.0,0,SAFE
9313.1525,6240.15,6890.26,565.38,635.63,997.89,362.26,816.76,7.5387,7.3555,0.1832,14.8942,5.523536,8160.890201,0,1,0.0,0,SAFE
3.0205,2.5782,1.5713,0.0857,379.93,380.66,0.7259,380.29,7.6663,7.897343,0.231043,15.563643,3.333176,3.409946,0,1,0.0,1,MEDIUM
0.8316,0.1859,0.586,0.5601,1043.9,1045.2,1.3042,1044.55,7.3317,7.590866,0.259166,14.922566,10.172916,0.46491,0,1,0.0,1,HIGH
14081.5933,9509.49,4011.93,9579.42,210.68,1154.89,944.21,682.79,7.7824,7.2902,0.4922,15.0726,13.78584,6738.9896,1,1,0.0,0,SAFE
10283.8354,8469.69,5598.59,1636.28,1000.99,395.42,605.57,698.21,7.3435,7.687,0.3435,15.0305,12.982679,5842.404468,1,1,0.0,0,SAFE
0.3705,0.1617,0.3301,0.0464,154.74,151.71,3.0294,153.23,7.8133,7.387858,0.425442,15.201158,1.847588,0.559466,0,1,0.0,1,HIGH
2.0119,0.6178,1.5803,1.081,360.28,364.63,4.3479,362.45,7.7244,7.749869,0.025469,15.474269,6.322568,1.511408,1,1,0.0,1,MEDIUM
236.1853,104.5918,63.7635,201.9363,203.61,202.76,0.8493,203.19,7.792,7.686157,0.105843,15.478157,2.146535,256.111512,0,1,0.0,0,SAFE
8800.3417,6209.59,3954.75,4821.51,170.39,261.79,91.4,216.09,7.8036,7.7464,0.0572,15.55,2.508877,10455.362648,0,1,0.0,0,SAFE
4.034,0.2406,0.1063,4.0255,197.63,201.61,3.9787,199.62,7.794,8.255823,0.461823,16.049823,2.110922,3.82612,0,1,0.0,1,MEDIUM
0.7755,0.7524,0.1868,0.0212,174.92,178.61,3.6905,176.77,7.8029,7.73996,0.06294,15.54286,1.999677,1.130343,0,1,0.0,1,HIGH
0.0663,0.0567,0.034,0.0051,611.34,609.1,2.2423,610.22,7.5651,7.621214,0.056114,15.186314,5.291576,0.059317,0,1,0.0,1,CRITICAL
835.0969,664.7412,185.325,470.2771,319.26,321.37,2.11,320.31,7.7176,7.240371,0.477229,14.957971,2.895045,918.373478,0,1,0.0,0,SAFE
5960.064,939.2883,5339.2889,2476.3066,227.61,225.2,2.4116,226.4,7.7731,8.027236,0.254136,15.800336,4.485148,5516.509496,1,1,0.0,0,SAFE
0.4467,0.1222,0.2775,0.328,427.75,427.2,0.5458,427.48,7.6515,8.132646,0.481146,15.784146,0.085,2.643368,0,0,0.0,1,HIGH
0.0936,0.0841,0.0377,0.0162,177.62,173.21,4.413,175.41,7.8034,7.714368,0.089032,15.517768,3.8776,0.097172,1,1,0.0,1,CRITICAL
12229.7548,11449.3,1609.72,3986.13,295.44,374.94,79.5,335.19,7.7345,7.6828,0.0517,15.4173,5.94254,10032.668744,1,1,0.0,0,SAFE
0.0813,0.0433,0.0505,0.0467,785.48,786.43,0.9482,785.95,7.4757,7.694678,0.218978,15.170378,14.056264,0.040379,1,1,0.0,1,CRITICAL
7630.5411,6068.87,252.04,4618.49,202.34,346.0,143.66,274.17,7.776,7.7053,0.0707,15.4813,5.138239,6193.395721,1,1,0.0,0,SAFE
4.67,3.7061,1.8581,2.1497,351.28,348.84,2.4421,350.06,7.6652,7.910525,0.245325,15.575725,3.12238,5.117663,0,1,0.0,1,MEDIUM
0.0926,0.0705,0.0049,0.0599,228.07,226.2,1.8747,227.13,7.7582,7.472498,0.285702,15.230698,2.283778,0.110695,0,1,0.0,1,CRITICAL
1953.9217,257.8344,1823.5214,652.7641,481.93,478.5,3.4318,480.21,7.5988,7.299362,0.299438,14.898162,8.166992,1365.120021,1,1,0.0,0,SAFE
0.1107,0.1105,0.0062,0.0038,187.69,190.99,3.3027,189.34,7.8032,7.818448,0.015248,15.621648,4.039151,0.11356,1,1,0.0,1,HIGH
9894.9795,2012.33,8776.64,4102.65,694.07,387.84,306.23,540.96,7.5153,7.6566,0.1413,15.1719,9.409768,6324.452931,1,1,0.0,0,SAFE
7687.2828,7015.83,420.5,3113.78,371.84,344.07,27.77,357.95,7.6865,7.6793,0.0072,15.3658,6.258376,6039.243509,1,1,0.0,0,SAFE
3327.5137,1171.63,3076.44,484.92,702.37,262.29,440.08,482.33,7.5157,7.7378,0.2221,15.2535,8.613814,2323.48209,1,1,0.0,0,SAFE
47.4716,18.6766,7.6047,42.9757,310.43,313.49,3.0638,311.96,7.7038,7.308443,0.395357,15.012243,5.603918,30.511132,1,1,0.0,0,LOW
12717.1473,12193.23,2204.98,2861.65,243.73,587.78,344.05,415.75,7.7773,7.5637,0.2136,15.341,7.379698,9514.123425,1,1,0.0,0,SAFE
1916.86,867.5711,1602.3784,595.026,409.21,409.45,0.2441,409.33,7.6513,8.025569,0.374269,15.676869,3.555817,2038.768775,0,1,0.0,0,SAFE
13779.4149,4701.38,2044.15,12790.26,1038.65,986.63,52.02,1012.64,7.3178,7.3371,0.0193,14.6549,19.454428,4650.26444,1,1,0.0,0,SAFE
0.0874,0.0379,0.0696,0.0368,214.95,218.92,3.9703,216.94,7.8035,8.237435,0.433935,16.040935,2.214902,0.114953,0,1,0.0,1,CRITICAL
1037.1064,330.8517,21.0565,982.692,260.63,261.36,0.7292,260.99,7.7578,7.479508,0.278292,15.237308,4.92246,682.24065,1,1,0.0,0,SAFE
3853.4709,3123.17,2161.43,650.59,180.67,288.59,107.92,234.63,7.7982,7.7323,0.0659,15.5305,2.685465,4809.174893,0,1,0.0,0,SAFE
9522.2133,9154.1044,1140.1494,2361.1393,244.5,246.48,1.9771,245.49,7.7693,7.965624,0.196324,15.734924,2.398191,12457.860967,0,1,0.0,0,SAFE
6608.3208,3934.5,685.58,5264.94,184.18,860.53,676.35,522.36,7.7978,7.4078,0.39,15.2056,9.856363,3491.403363,1,1,0.0,0,SAFE
2.8122,0.0435,2.4735,1.3372,191.11,193.38,2.2686,192.24,7.7953,7.518328,0.276972,15.313628,2.085789,3.753618,0,1,0.0,1,MEDIUM
350.2811,347.2031,45.3975,9.2681,355.01,350.78,4.2337,352.89,7.7117,7.496931,0.214769,15.208631,6.183165,290.349609,1,1,0.0,0,SAFE
11736.8519,501.33,1732.22,11597.49,577.58,292.84,284.74,435.21,7.5801,7.7341,0.154,15.3142,2.71403,9934.876543,0,1,0.0,0,SAFE
7832.879,1789.2512,2845.0023,7075.2057,165.69,164.77,0.9177,165.23,7.7985,8.019217,0.220717,15.817717,1.92067,8615.363408,0,1,0.0,0,SAFE
0.0196,0.0009,0.0186,0.0061,248.88,244.74,4.1374,246.81,7.7483,8.141904,0.393604,15.890204,2.42599,0.025275,0,1,0.0,1,CRITICAL
3743.5423,12.73,2840.02,2438.9,245.71,188.11,57.6,216.91,7.7591,7.7978,0.0387,15.5569,2.405854,4349.557665,0,1,0.0,0,SAFE
6703.443,6146.81,1486.05,2223.63,434.32,218.06,216.26,326.19,7.6215,7.8052,0.1837,15.4267,5.901397,5512.106786,1,1,0.0,0,SAFE
196.0166,162.0244,7.8353,110.0419,305.87,310.87,4.9981,308.37,7.7442,7.529176,0.215024,15.273376,2.802562,219.236735,0,1,0.0,0,SAFE
4899.3427,3043.3819,670.1429,3780.515,965.22,963.24,1.9766,964.23,7.3782,7.675395,0.297195,15.053595,9.166696,2729.020055,0,1,0.0,0,SAFE
4555.3463,3893.8,63.49,2363.36,221.48,218.96,2.52,220.22,7.7885,7.7751,0.0134,15.5636,4.409107,4124.47466,1,1,0.0,0,SAFE
43.9084,25.5844,21.7557,28.2855,289.2,289.33,0.1324,289.27,7.7118,7.724841,0.013041,15.436641,0.085,272.347356,0,0,0.0,0,LOW
11.9456,9.4972,6.7064,2.7428,297.68,301.12,3.4387,299.4,7.7326,7.821446,0.088846,15.554046,5.431859,10.410513,1,1,0.0,0,LOW
14497.7375,10077.23,5703.83,8723.54,989.76,807.65,182.11,898.7,7.3684,7.4358,0.0674,14.8042,7.309781,9880.43508,0,1,0.0,0,SAFE
42.2076,30.4063,4.2888,28.9577,912.03,910.14,1.8898,911.09,7.4167,7.250458,0.166242,14.667158,16.924878,18.175971,1,1,0.0,0,LOW
348.4255,121.9698,250.1025,209.696,294.2,295.75,1.5465,294.97,7.704,7.612329,0.091671,15.316329,2.723203,389.023492,0,1,0.0,0,SAFE
2976.3493,789.94,2808.91,587.09,302.15,954.17,652.02,628.16,7.7175,7.369,0.3485,15.0865,11.721734,1772.707894,1,1,0.0,0,SAFE
1800.2873,85.2509,1546.9858,916.8434,412.82,412.99,0.1732,412.91,7.6802,8.156568,0.476368,15.836768,7.083887,1290.073672,1,1,0.0,0,SAFE
0.3214,0.1796,0.2635,0.0402,226.9,227.9,0.9978,227.4,7.7541,8.018457,0.264357,15.772557,2.2943,0.435521,0,1,0.0,1,HIGH
10.9361,2.8165,8.1644,6.7088,202.69,204.53,1.8386,203.61,7.788,8.180975,0.392975,15.968975,4.208068,9.774294,1,1,0.0,0,LOW
145.1661,16.5692,141.9352,25.5549,769.31,771.53,2.2232,770.42,7.474,7.185694,0.288306,14.659694,13.718764,80.099712,1,1,0.0,0,SAFE
12072.0061,2086.79,11017.91,4470.38,158.34,190.58,32.24,174.46,7.836,7.7852,0.0508,15.6212,3.868827,12161.222677,1,1,0.0,0,SAFE
1.7488,1.2744,0.8286,0.8647,198.11,197.32,0.7914,197.71,7.802,8.156717,0.354717,15.958717,2.11377,2.305223,0,1,0.0,1,MEDIUM
0.434,0.347,0.1911,0.1774,780.07,779.35,0.7228,779.71,7.4692,7.846336,0.377136,15.315536,13.920061,0.228406,1,1,0.0,1,HIGH
6325.2649,3629.91,27.27,5179.96,291.66,354.1,62.44,322.88,7.7132,7.7011,0.0121,15.4143,5.763903,4302.224376,1,1,0.0,0,SAFE
5803.1945,3431.93,1028.44,4565.22,182.06,273.03,90.97,227.54,7.8212,7.7568,0.0644,15.578,2.582195,6030.902741,0,1,0.0,0,SAFE
0.0302,0.018,0.0149,0.0191,398.12,397.05,1.0716,397.58,7.6924,7.832209,0.139809,15.524609,6.84809,0.020948,1,1,0.0,1,CRITICAL
8231.4715,7563.3739,1187.6026,3023.5901,206.22,205.31,0.9125,205.76,7.7833,7.464353,0.318947,15.247653,4.233873,7932.018831,1,1,0.0,0,SAFE
9380.7119,7640.9,5435.46,264.91,210.09,158.49,51.6,184.29,7.7892,7.8358,0.0466,15.625,3.985807,9684.471239,1,1,0.0,0,SAFE
12383.073,9974.86,911.44,7280.93,1000.67,813.49,187.18,907.08,7.3281,7.454,0.1259,14.7821,16.903382,5581.163738,1,1,0.0,0,SAFE
115.054,94.2138,29.9612,58.8516,165.39,165.1,0.2932,165.24,7.85,7.922546,0.072546,15.772546,1.922503,158.144705,0,1,0.0,0,SAFE
7957.7977,3994.852,2071.2492,6563.355,326.84,325.61,1.2287,326.23,7.7229,8.103789,0.380889,15.826689,2.948074,7536.041057,0,1,0.0,0,SAFE
9739.8607,8136.07,5349.19,235.41,916.74,919.45,2.71,918.1,7.3731,7.4017,0.0286,14.7748,17.09346,4855.810602,1,1,0.0,0,SAFE
0.0305,0.0104,0.0256,0.013,226.06,226.3,0.2407,226.18,7.7779,7.845795,0.067895,15.623695,2.282943,0.039496,0,1,0.0,1,CRITICAL
0.7753,0.6455,0.0935,0.419,339.79,336.15,3.6353,337.97,7.6861,7.307688,0.378412,14.993788,3.039801,0.839021,0,1,0.0,1,HIGH
0.0991,0.0151,0.0957,0.0204,264.51,264.27,0.2442,264.39,7.7441,7.256911,0.487189,15.001011,4.966456,0.090542,1,1,0.0,1,CRITICAL
10045.9789,3040.81,6487.5,7041.84,233.19,366.04,132.85,299.62,7.7614,7.691,0.0704,15.4524,5.47227,7548.820204,1,1,0.0,0,SAFE
0.0961,0.063,0.0533,0.0493,855.47,851.57,3.901,853.52,7.4351,7.832085,0.396985,15.267185,15.57216,0.046395,1,1,0.0,1,CRITICAL
11676.9415,719.96,10254.71,5538.37,187.92,174.99,12.93,181.45,7.8111,7.8212,0.0101,15.6323,3.947593,11333.574154,1,1,0.0,0,SAFE
23.4047,2.0156,21.4859,9.0596,228.89,231.22,2.3274,230.05,7.7808,7.67191,0.10889,15.45271,4.530328,21.705055,1,1,0.0,0,LOW
5128.8272,5104.56,482.38,125.08,247.31,183.3,64.01,215.31,7.7761,7.803,0.0269,15.5791,4.357827,5064.140682,1,1,0.0,0,SAFE
5279.2135,4506.23,933.83,2586.88,313.4,337.73,24.33,325.56,7.7087,7.6971,0.0116,15.4058,5.794497,4208.877155,1,1,0.0,0,SAFE
258.0293,187.3209,10.5551,177.14,188.5,189.89,1.3879,189.19,7.8003,8.07218,0.27188,15.87248,0.085,1567.586708,0,0,0.0,0,SAFE
196.2754,129.5591,17.5738,146.3887,1009.48,1012.26,2.7827,1010.87,7.3467,7.470087,0.123387,14.816787,19.403241,76.357312,1,1,0.0,0,SAFE
0.7586,0.5373,0.3417,0.4122,148.44,146.07,2.3666,147.26,7.8199,8.097403,0.277503,15.917303,3.561012,0.757682,1,1,0.0,1,HIGH
8.5781,3.3264,5.5029,5.6779,197.15,201.24,4.095,199.2,7.7978,7.943496,0.145696,15.741296,2.132414,10.533826,0,1,0.0,0,LOW
8425.7349,7823.3641,2826.0532,1342.1648,584.09,582.42,1.6736,583.25,7.5668,7.880812,0.314012,15.447612,5.037317,7684.572649,0,1,0.0,0,SAFE
392.0436,323.2093,191.9829,111.2497,1127.23,1125.61,1.6162,1126.42,7.2922,6.95869,0.33351,14.25089,11.273636,235.26568,0,1,0.0,0,SAFE
8363.0066,7374.9674,1504.4354,3645.0526,202.15,198.62,3.5336,200.38,7.7609,7.890512,0.129612,15.651412,2.137812,11152.006108,0,1,0.0,0,SAFE
8595.9247,6747.15,4649.65,2597.43,239.96,275.51,35.55,257.74,7.7871,7.7485,0.0386,15.5356,4.883065,7813.33788,1,1,0.0,0,SAFE
7334.9199,2594.6959,6844.3797,472.3027,293.76,290.39,3.3701,292.07,7.7292,7.291909,0.437291,15.021109,5.332777,6540.5213,1,1,0.0,0,SAFE
9091.6358,6654.1451,5880.1705,1950.3305,213.73,212.46,1.2705,213.09,7.7901,7.923024,0.132924,15.713124,2.207495,12452.682469,0,1,0.0,0,SAFE
9041.4541,450.86,5894.03,6841.42,958.25,173.46,784.79,565.86,7.3665,7.8254,0.4589,15.1919,10.965176,4648.255638,1,1,0.0,0,SAFE
34.5676,21.2857,27.0376,3.2869,162.85,161.68,1.171,162.26,7.8291,7.515697,0.313403,15.344797,3.728054,36.815315,1,1,0.0,0,LOW
10703.3276,2515.16,4768.32,9246.53,904.61,381.0,523.61,642.81,7.3933,7.6657,0.2724,15.059,11.683634,4939.05954,1,1,0.0,0,SAFE
0.1033,0.0929,0.0407,0.0196,290.77,295.05,4.2818,292.91,7.7388,7.964901,0.226101,15.703701,5.344055,0.091165,1,1,0.0,1,HIGH
6596.9437,4151.05,79.5,5126.61,984.97,321.2,663.77,653.09,7.3544,7.7026,0.3482,15.057,12.237898,3169.047945,1,1,0.0,0,SAFE
5843.4978,1707.5,5136.9,2200.72,224.97,370.73,145.76,297.85,7.7703,7.6907,0.0796,15.461,5.455947,4950.053354,1,1,0.0,0,SAFE
1389.5046,400.84,64.87,1328.85,201.01,219.4,18.39,210.2,7.7877,7.7797,0.008,15.5674,0.085,6890.934742,0,0,0.0,0,SAFE
4255.0064,316.4564,4214.0164,496.9917,882.06,884.81,2.7519,883.44,7.4431,7.806095,0.362995,15.249195,8.192742,3053.008075,0,1,0.0,0,SAFE
7183.5924,6037.84,2150.54,3244.02,251.72,293.04,41.32,272.38,7.7157,7.7345,0.0188,15.4502,2.715378,8462.731487,0,1,0.0,0,SAFE
13426.9698,5681.56,7228.56,9785.26,347.43,370.59,23.16,359.01,7.7071,7.6819,0.0252,15.389,6.273274,9278.978813,1,1,0.0,0,SAFE
4517.7087,3814.1376,2358.9728,545.2463,411.97,416.95,4.9783,414.46,7.67,7.861603,0.191603,15.531603,3.577179,4904.310303,0,1,0.0,0,SAFE
0.5403,0.2228,0.4288,0.2416,177.83,175.15,2.6797,176.49,7.8099,7.99406,0.18416,15.80396,0.085,3.601995,0,0,0.0,1,HIGH
0.7251,0.4822,0.076,0.5361,686.44,687.4,0.9567,686.92,7.5148,7.721636,0.206836,15.236436,6.024969,0.508164,0,1,0.0,1,HIGH
2.1495,1.8853,1.0167,0.1807,803.43,805.61,2.1768,804.52,7.43,7.121456,0.308544,14.551456,14.46504,1.162847,1,1,0.0,1,MEDIUM
1236.1394,626.5852,749.6407,757.2783,214.77,211.41,3.3574,213.09,7.7828,7.87123,0.08843,15.65403,4.322267,1090.515631,1,1,0.0,0,SAFE
23.046,22.205,1.3436,6.0211,203.12,201.08,2.043,202.1,7.7994,7.925644,0.126244,15.725044,2.131413,31.919936,0,1,0.0,0,LOW
0.0148,0.0047,0.0006,0.014,218.11,219.71,1.5978,218.91,7.8074,7.654438,0.152962,15.461838,4.393061,0.010305,1,1,0.0,1,CRITICAL
13467.3125,10245.16,2247.75,8447.06,198.12,821.48,623.36,509.8,7.7873,7.4598,0.3275,15.2471,7.464315,8983.123965,0,1,0.0,0,SAFE
746.5382,717.3632,70.6085,194.2261,215.13,219.79,4.6578,217.46,7.784,7.398206,0.385794,15.182206,2.215996,1014.235417,0,1,0.0,0,SAFE
5003.3037,3354.19,637.72,3657.29,165.51,265.09,99.58,215.3,7.7996,7.7535,0.0461,15.5531,2.530292,5437.396269,0,1,0.0,0,SAFE
8938.0499,3933.0,4447.57,6681.27,314.3,301.07,13.23,307.69,7.7221,7.7399,0.0178,15.462,5.54539,6497.723227,1,1,0.0,0,SAFE
11252.7338,4192.13,1069.33,10387.81,200.43,239.25,38.82,219.84,7.7875,7.7734,0.0141,15.5609,2.365085,10946.003116,0,1,0.0,0,SAFE
4535.1225,3094.55,2873.54,1653.44,183.49,950.95,767.46,567.22,7.794,7.3675,0.4265,15.1615,0.085,30861.401805,0,0,0.0,0,SAFE
0.0325,0.0216,0.015,0.019,210.4,212.77,2.3699,211.58,7.7612,7.642106,0.119094,15.403306,4.304014,0.029032,1,1,0.0,1,CRITICAL
10633.6077,6978.2,4908.13,6347.33,190.95,365.37,174.42,278.16,7.7726,7.6686,0.104,15.4412,5.211678,8599.791469,1,1,0.0,0,SAFE
9169.5279,3420.05,1728.95,8330.32,274.32,293.6,19.28,283.96,7.7224,7.7324,0.01,15.4548,2.719154,8435.606664,0,1,0.0,0,SAFE
687.7759,50.3265,430.1396,534.3059,191.88,193.89,2.0129,192.89,7.7853,7.925506,0.140206,15.710806,2.076966,802.12964,0,1,0.0,0,SAFE
0.314,0.2543,0.0863,0.1626,213.77,212.5,1.2665,213.14,7.7716,7.837333,0.065733,15.608933,0.085,2.047912,0,0,0.0,1,HIGH
10503.7051,3580.1,3075.57,9383.58,1054.77,502.2,552.57,778.49,7.3035,7.5844,0.2809,14.8879,14.542287,4236.416455,1,1,0.0,0,SAFE
39.4247,0.8213,27.8318,27.9109,1051.56,1056.08,4.516,1053.82,7.3337,6.991114,0.342586,14.324814,20.522021,15.240077,1,1,0.0,0,LOW
711.167,565.38,394.45,174.68,350.11,210.86,139.25,280.49,7.7017,7.773,0.0713,15.4747,3.11392,816.787984,0,1,0.0,0,SAFE
0.0154,0.0014,0.0107,0.0109,225.88,229.97,4.0921,227.93,7.7788,8.171244,0.392444,15.950044,0.085,0.092152,0,0,0.0,1,CRITICAL
9715.232,1402.44,173.44,9611.91,267.57,252.65,14.92,260.11,7.747,7.7567,0.0097,15.5037,4.911494,6104.044153,1,1,0.0,0,SAFE
16.4914,13.7838,7.3562,5.2781,221.15,225.73,4.5844,223.44,7.7949,7.483523,0.311377,15.278423,4.448678,15.653564,1,1,0.0,0,LOW
0.3993,0.3695,0.0922,0.1201,387.89,388.06,0.172,387.98,7.6701,7.227576,0.442524,14.897676,6.702261,0.309894,1,1,0.0,1,HIGH
8308.697,7373.57,3649.83,1159.16,1065.1,467.15,597.95,766.12,7.3166,7.6062,0.2896,14.9228,14.385898,4491.569125,1,1,0.0,0,SAFE
3717.8395,2068.892,1168.5047,2859.4777,964.66,967.89,3.2278,966.27,7.3693,7.622279,0.252979,14.991579,9.159723,2075.017897,0,1,0.0,0,SAFE
12053.3971,5499.79,9590.88,4801.22,876.12,1063.96,187.84,970.04,7.4112,7.3025,0.1087,14.7137,18.443628,5525.135929,1,1,0.0,0,SAFE
12998.8584,1919.62,10286.24,7712.24,212.92,258.8,45.88,235.86,7.7785,7.7848,0.0063,15.5633,2.489554,15233.017841,0,1,0.0,0,SAFE
1496.6729,1414.4724,112.5076,476.067,179.11,180.46,1.3468,179.78,7.8013,7.918184,0.116884,15.719484,3.9279,1512.442702,1,1,0.0,0,SAFE
11459.7319,951.07,1717.11,11290.37,920.52,190.64,729.88,555.58,7.3964,7.7945,0.3981,15.1909,0.085,55003.374998,0,0,0.0,0,SAFE
4955.9325,3516.44,3411.51,746.67,270.88,150.69,120.19,210.78,7.7354,7.8319,0.0965,15.5673,1.841939,7480.427763,0,1,0.0,0,SAFE
0.9152,0.8141,0.1959,0.3694,215.03,216.04,1.0081,215.53,7.7621,7.643259,0.118841,15.405359,0.085,6.171651,0,0,0.0,1,HIGH
10814.0502,6481.58,4351.88,7482.91,280.78,210.64,70.14,245.71,7.7267,7.7799,0.0532,15.5066,0.085,65511.806304,0,0,0.0,0,SAFE
12257.7333,2453.39,3644.85,11443.25,349.05,192.14,156.91,270.6,7.7029,7.793,0.0901,15.4959,3.106265,10297.573256,0,1,0.0,0,SAFE
7966.2449,1402.55,3555.41,6989.49,347.4,211.45,135.95,279.42,7.7111,7.7843,0.0732,15.4954,5.203053,5446.798889,1,1,0.0,0,SAFE
12692.558,4009.64,10095.81,6564.94,315.88,168.22,147.66,242.05,7.7202,7.8115,0.0913,15.5317,4.726757,11105.101407,1,1,0.0,0,SAFE
0.0503,0.0036,0.0461,0.0198,180.58,182.4,1.8195,181.49,7.8024,7.597471,0.204929,15.399871,0.085,0.33997,0,0,0.0,1,CRITICAL
11267.1602,3111.13,10530.66,2524.87,212.12,680.95,468.83,446.54,7.7745,7.5405,0.234,15.315,5.969732,9373.188941,0,1,0.0,0,SAFE
1985.823,1765.9319,350.8783,837.7721,173.6,177.32,3.7182,175.46,7.808,7.921158,0.113158,15.729158,1.99223,2753.323056,0,1,0.0,0,SAFE
3.3459,3.1882,0.0153,1.0148,1044.06,1041.1,2.9621,1042.58,7.3531,7.474761,0.121661,14.827861,20.226193,1.494008,1,1,0.0,1,MEDIUM
40.2906,18.3002,27.1382,23.4938,856.36,858.97,2.6094,857.66,7.4187,7.60237,0.18367,15.02107,15.667669,18.898813,1,1,0.0,0,LOW
7288.5366,2092.17,1998.71,6689.6,225.29,179.97,45.32,202.63,7.7588,7.7994,0.0406,15.5582,4.20072,5347.221501,1,1,0.0,0,SAFE
472.0517,99.8904,137.2012,440.489,116.96,115.84,1.1205,116.4,7.86,7.879168,0.019168,15.739168,3.229566,389.083806,1,1,0.0,0,SAFE
4517.0906,3788.3204,394.2723,2428.4327,861.56,861.77,0.2064,861.66,7.443,7.883866,0.440866,15.326866,7.921344,3031.421288,0,1,0.0,0,SAFE
308.132,288.8888,102.5407,31.2093,209.25,211.78,2.5317,210.52,7.8067,8.114168,0.307468,15.920868,4.291092,305.778022,1,1,0.0,0,SAFE
12151.8635,11258.83,3052.7,3404.05,263.95,284.9,20.95,274.42,7.7594,7.7407,0.0187,15.5001,5.098672,10850.001166,1,1,0.0,0,SAFE
1854.5653,1012.252,1553.5606,34.7561,1058.03,1059.03,0.9957,1058.53,7.297,7.232067,0.064933,14.529067,20.646579,841.337364,1,1,0.0,0,SAFE
10.8927,7.8063,0.2826,7.5916,227.77,229.47,1.702,228.62,7.7633,8.08781,0.32451,15.85111,2.30405,12.641189,0,1,0.0,0,LOW
12084.3428,2500.41,7145.67,9419.06,189.72,990.06,800.34,589.89,7.8248,7.3626,0.4622,15.1874,2.064283,14113.021755,0,1,0.0,0,SAFE
6394.708,6250.49,109.19,1346.01,923.56,356.21,567.35,639.88,7.3752,7.6942,0.319,15.0694,11.728379,3801.757733,1,1,0.0,0,SAFE
2.0005,1.7609,0.2899,0.904,188.08,185.87,2.2144,186.97,7.8017,8.02817,0.22647,15.82987,4.011429,1.93882,1,1,0.0,1,MEDIUM
7972.5806,7958.98,227.6,406.05,241.32,218.99,22.33,230.16,7.7579,7.782,0.0241,15.5399,2.239523,10974.947534,0,1,0.0,0,SAFE
4.7203,3.5508,1.1,2.9092,176.05,178.53,2.4826,177.29,7.8054,7.528367,0.277033,15.333767,0.085,29.647342,0,0,0.0,1,MEDIUM
0.0423,0.0313,0.0225,0.0174,214.52,214.67,0.1468,214.59,7.7582,7.596585,0.161615,15.354785,2.21229,0.055803,0,1,0.0,1,CRITICAL
161.9291,129.5888,33.6591,91.076,1122.04,1125.73,3.6913,1123.89,7.2913,7.551384,0.260084,14.842684,22.414568,64.015434,1,1,0.0,0,SAFE
13678.1196,3698.97,5851.26,11797.09,214.6,835.77,621.17,525.18,7.7669,7.4151,0.3518,15.182,7.625696,7821.743361,0,1,0.0,0,SAFE
9949.8506,288.7,9936.69,422.34,208.2,738.77,530.57,473.49,7.7812,7.48,0.3012,15.2612,6.564342,8001.98903,0,1,0.0,0,SAFE
10902.3266,7263.69,7339.13,3498.1,204.29,187.43,16.86,195.86,7.7942,7.7971,0.0029,15.5913,2.05088,15238.934446,0,1,0.0,0,SAFE
9025.7209,6797.93,5930.46,285.36,216.66,236.76,20.1,226.71,7.7792,7.7672,0.012,15.5464,4.489772,8778.971105,1,1,0.0,0,SAFE
3508.7904,762.81,2705.57,2099.91,226.45,393.57,167.12,310.01,7.7699,7.6657,0.1042,15.4356,5.636337,2726.93337,1,1,0.0,0,SAFE
23.1954,17.2407,15.4429,1.5168,679.53,677.02,2.5096,678.28,7.5101,7.080996,0.429104,14.591096,5.955487,19.571385,0,1,0.0,0,LOW
9650.7951,5912.9026,2910.2171,7050.2529,1054.04,1053.7,0.3381,1053.87,7.3278,7.678697,0.350897,15.006497,20.523377,3683.563462,1,1,0.0,0,SAFE
4.5041,3.9252,1.3048,1.7824,306.03,310.81,4.7836,308.42,7.734,7.357114,0.376886,15.091114,2.803659,5.298737,0,1,0.0,1,MEDIUM
0.316,0.0207,0.0612,0.3093,170.76,166.53,4.2301,168.64,7.8013,7.86341,0.06211,15.66471,0.085,1.528079,0,0,0.0,1,HIGH
3727.8426,3417.66,86.78,1486.23,195.9,177.76,18.14,186.83,7.8001,7.8131,0.013,15.6132,0.085,25169.083134,0,0,0.0,0,SAFE
7748.4857,3731.89,1196.45,6684.35,276.83,183.52,93.31,230.18,7.743,7.7975,0.0545,15.5405,4.550324,5735.172367,1,1,0.0,0,SAFE
2.8303,0.8242,1.8632,1.9646,212.64,208.25,4.3857,210.45,7.7707,7.462506,0.308194,15.233206,2.200887,3.36574,0,1,0.0,1,MEDIUM
0.0618,0.0112,0.059,0.0146,185.59,187.2,1.608,186.39,7.8015,8.016084,0.214584,15.817584,2.040143,0.087744,0,1,0.0,1,CRITICAL
2854.9258,2438.506,758.1517,1276.517,254.17,253.31,0.8606,253.74,7.7302,7.54521,0.18499,15.27541,2.454269,3542.112461,0,1,0.0,0,SAFE
7005.8652,6409.3,2123.15,1869.56,135.3,348.34,213.04,241.82,7.8486,7.7184,0.1302,15.567,4.773969,6478.150207,1,1,0.0,0,SAFE
0.6923,0.0253,0.6504,0.2359,267.04,269.69,2.6536,268.37,7.747,7.265783,0.481217,15.012783,5.018309,0.616192,1,1,0.0,1,HIGH
9176.479,5932.04,6572.44,2412.82,267.09,245.12,21.97,256.11,7.7577,7.7471,0.0106,15.5048,4.860431,8414.503351,1,1,0.0,0,SAFE
1.1394,0.9012,0.5723,0.3983,330.79,328.95,1.8411,329.87,7.7217,7.628809,0.092891,15.350509,5.853815,0.937318,1,1,0.0,1,MEDIUM
0.5008,0.0551,0.4943,0.0582,277.8,277.36,0.4423,277.58,7.7113,7.277432,0.433868,14.988732,2.613635,0.636158,0,1,0.0,1,HIGH
13330.3984,907.19,9069.84,9727.0,306.14,1023.09,716.95,664.62,7.6996,7.3388,0.3608,15.0384,9.901663,7328.774092,0,1,0.0,0,SAFE
27.8129,10.4764,24.9999,6.2298,294.26,298.5,4.238,296.38,7.7355,7.761519,0.026019,15.497019,5.390904,24.348495,1,1,0.0,0,LOW
8240.6551,7167.1,3158.01,2562.82,309.63,509.16,199.53,409.39,7.7265,7.6118,0.1147,15.3383,7.114095,6195.883609,1,1,0.0,0,SAFE
0.001,0.0004,0.0009,0.0001,257.37,254.89,2.4775,256.13,7.757,7.627159,0.129841,15.384159,4.859756,0.000948,1,1,0.0,1,CRITICAL
5502.3659,1209.1935,1626.1643,5115.6105,218.36,221.32,2.9649,219.84,7.7815,7.585514,0.195986,15.367014,2.235675,5469.619866,0,1,0.0,0,SAFE
12172.417,475.86,11548.4,3817.82,312.37,200.93,111.44,256.65,7.7271,7.7833,0.0562,15.5104,2.847266,14459.495249,0,1,0.0,0,SAFE
12180.9769,12023.08,636.32,1848.47,391.83,221.64,170.19,306.74,7.6639,7.7804,0.1165,15.4443,5.593531,10549.637911,1,1,0.0,0,SAFE
13022.5669,6703.71,7938.82,7850.01,202.24,196.06,6.18,199.15,7.7821,7.7912,0.0091,15.5733,0.085,82265.557286,0,0,0.0,0,SAFE
11251.9176,6417.74,7337.21,5619.93,309.99,200.64,109.35,255.31,7.6921,7.8095,0.1174,15.5016,2.830856,12795.778557,0,1,0.0,0,SAFE
24.5861,19.6884,11.7103,8.9282,1278.68,1277.6,1.0806,1278.14,7.2149,7.219879,0.004979,14.434779,13.488236,13.28574,0,1,0.0,0,LOW
8232.5687,4041.82,3871.35,6037.51,1109.91,269.08,840.83,689.5,7.3083,7.7248,0.4165,15.0331,13.529001,3863.844564,1,1,0.0,0,SAFE
0.0588,0.0513,0.0038,0.0285,195.2,196.57,1.3737,195.89,7.816,8.100661,0.284661,15.916661,2.096538,0.078095,0,1,0.0,1,CRITICAL
12368.8711,8947.89,8521.04,562.24,247.63,903.95,656.32,575.79,7.767,7.4175,0.3495,15.1845,10.752611,7771.73783,1,1,0.0,0,SAFE
0.0227,0.0163,0.0105,0.0119,311.08,315.94,4.8605,313.51,7.7253,8.095842,0.370542,15.821142,0.085,0.148072,0,0,0.0,1,CRITICAL
9060.7737,1665.73,8905.19,143.37,262.31,264.07,1.76,263.19,7.767,7.772,0.005,15.539,4.950908,8394.350915,1,1,0.0,0,SAFE
0.7804,0.7081,0.0357,0.3262,234.34,232.4,1.9403,233.37,7.7616,7.933088,0.171488,15.694688,4.571575,0.715015,1,1,0.0,1,HIGH
10263.6251,5029.07,8536.15,2680.41,268.13,203.0,65.13,235.56,7.772,7.7772,0.0052,15.5492,4.607989,9668.337867,1,1,0.0,0,SAFE
1712.0016,1450.23,741.4,527.36,286.83,858.39,571.56,572.61,7.7103,7.4121,0.2982,15.1224,10.473381,1061.440235,1,1,0.0,0,SAFE
9053.8995,4242.4048,7698.2259,2170.8099,590.91,592.71,1.8017,591.81,7.5644,7.271179,0.293221,14.835579,10.13244,5769.322783,1,1,0.0,0,SAFE
9506.3406,2134.75,9141.76,1497.19,214.53,935.17,720.64,574.85,7.7917,7.37,0.4217,15.1617,8.79628,6562.135273,0,1,0.0,0,SAFE
1.7595,1.755,0.1254,0.0045,228.98,232.4,3.4242,230.69,7.7551,8.171185,0.416085,15.926285,2.301,2.391203,0,1,0.0,1,MEDIUM
10082.0212,6652.18,4936.79,5746.63,185.09,283.73,98.64,234.41,7.8004,7.7422,0.0582,15.5426,4.605219,8767.856237,1,1,0.0,0,SAFE
18.8661,12.1621,10.3018,10.0938,205.09,201.11,3.9808,203.1,7.7822,8.128185,0.345985,15.910385,0.085,122.337057,0,0,0.0,0,LOW
2795.6211,2150.53,1454.93,1036.29,395.94,249.27,146.67,322.61,7.665,7.739,0.074,15.404,5.797485,2300.434224,1,1,0.0,0,SAFE
6766.9082,4160.07,2373.56,4780.28,231.51,293.52,62.01,262.51,7.7564,7.7195,0.0369,15.4759,4.950319,5330.471959,1,1,0.0,0,SAFE
0.011,0.0021,0.0107,0.0008,300.71,300.76,0.047,300.73,7.7007,8.082517,0.381817,15.783217,2.76765,0.013564,0,1,0.0,1,CRITICAL
0.2268,0.0449,0.2168,0.0489,242.5,240.73,1.7671,241.62,7.7593,8.044008,0.284708,15.803308,4.674964,0.213408,1,1,0.0,1,HIGH
6387.6682,3637.57,5236.2,390.64,404.34,894.57,490.23,649.46,7.6537,7.3941,0.2596,15.0478,11.741289,3839.080964,1,1,0.0,0,SAFE
7440.99,5557.96,697.86,4898.0,281.34,902.0,620.66,591.67,7.7399,7.3944,0.3455,15.1343,10.948409,4039.727015,1,1,0.0,0,SAFE
11818.5046,9594.43,215.7,6897.64,199.02,146.88,52.14,172.95,7.7869,7.8379,0.051,15.6248,1.820928,16257.651988,0,1,0.0,0,SAFE
8803.8607,1169.4785,8210.7029,2953.7503,317.35,316.14,1.2064,316.75,7.7086,7.311871,0.396729,15.020471,5.670144,7379.856869,1,1,0.0,0,SAFE
4.9338,0.9914,4.8142,0.4276,238.95,238.38,0.5695,238.67,7.759,7.464998,0.294002,15.223998,2.359624,6.607576,0,1,0.0,1,MEDIUM
0.0,0.0,0.0,0.0,9.753751947222562e+28,9.753751947222562e+28,0.0,9.753751947222562e+28,0.0,0.257704,0.257704,0.257704,8.086532549075574e+52,0.0,1,1,0.0,1,CRITICAL
143.8738,20.9061,89.366,110.7986,312.84,317.53,4.6871,315.18,7.7014,7.99715,0.29575,15.69855,5.648502,102.19147,1,1,0.0,0,SAFE
1.812,0.0483,1.8114,0.0045,362.4,367.1,4.7018,364.75,7.7035,7.234698,0.468802,14.938198,6.356297,1.481678,1,1,0.0,1,MEDIUM
12089.6714,5814.09,3127.19,10128.04,184.77,612.33,427.56,398.55,7.8208,7.5589,0.2619,15.3797,7.251299,7229.409423,1,1,0.0,0,SAFE
11403.119,2138.99,10744.59,3163.8,496.66,196.9,299.76,346.78,7.6257,7.8118,0.1861,15.4375,4.264157,11138.086195,0,1,0.0,0,SAFE
0.7696,0.0957,0.6573,0.3886,336.12,335.95,0.1729,336.03,7.7019,7.47408,0.22782,15.17598,5.941093,0.603021,1,1,0.0,1,HIGH
0.0065,0.0045,0.0043,0.0016,212.69,208.44,4.2483,210.57,7.7973,8.244992,0.447692,16.042292,2.20119,0.008807,0,1,0.0,1,CRITICAL
0.0309,0.0089,0.0282,0.009,150.77,151.74,0.9657,151.25,7.8318,7.598764,0.233036,15.430564,3.605109,0.032769,1,1,0.0,1,CRITICAL
12094.7373,6852.03,5384.68,8386.75,234.8,229.83,4.97,232.31,7.7418,7.7774,0.0356,15.5192,2.337207,13962.266156,0,1,0.0,0,SAFE
6752.4978,1690.95,6429.15,1184.46,270.17,220.66,49.51,245.42,7.7457,7.7623,0.0166,15.508,2.563438,8619.926446,0,1,0.0,0,SAFE
7703.7286,5927.07,4745.49,1302.92,193.35,219.35,26.0,206.35,7.792,7.7924,0.0004,15.5844,2.08562,10909.361302,0,1,0.0,0,SAFE
10165.3541,3991.51,9175.13,1794.23,881.16,244.76,636.4,562.96,7.4235,7.7554,0.3319,15.1789,10.464649,6421.898264,1,1,0.0,0,SAFE
4741.336,3851.5016,2752.2481,267.0824,321.66,324.65,2.9912,323.16,7.6686,7.547715,0.120885,15.216315,2.932711,5702.659675,0,1,0.0,0,SAFE
0.0013,0.0009,0.0001,0.001,309.94,312.96,3.0203,311.45,7.7278,8.051828,0.324028,15.779628,2.830512,0.001364,0,1,0.0,1,CRITICAL
12850.9054,4985.14,8095.74,8645.99,875.97,989.84,113.87,932.9,7.4296,7.3286,0.101,14.7582,17.479896,5482.300295,1,1,0.0,0,SAFE
1.0528,0.2223,0.3455,0.9693,161.07,165.94,4.8665,163.5,7.8143,8.290819,0.476519,16.105119,1.927254,1.137168,0,1,0.0,1,MEDIUM
487.8649,263.8535,407.1515,51.197,292.11,296.74,4.6306,294.43,7.7412,7.344665,0.396535,15.085865,5.364494,432.909411,1,1,0.0,0,SAFE
12570.5392,1168.38,5168.7,11399.03,899.12,243.76,655.36,571.44,7.3736,7.771,0.3974,15.1446,10.670542,5846.859593,1,1,0.0,0,SAFE
11568.3626,1174.19,7462.68,8761.09,201.16,266.7,65.54,233.93,7.7766,7.7652,0.0114,15.5418,2.540773,12350.138561,0,1,0.0,0,SAFE
27.8862,21.4933,11.2494,13.7523,306.17,305.53,0.6396,305.85,7.7,8.022607,0.322607,15.722607,2.804618,31.924645,0,1,0.0,0,LOW
7247.6475,3396.27,3560.31,5321.46,277.68,987.39,709.71,632.53,7.7281,7.3319,0.3962,15.06,11.97274,3614.092155,1,1,0.0,0,SAFE
6303.1096,3224.23,1034.54,5316.32,777.12,220.79,556.33,498.95,7.4591,7.7753,0.3162,15.2344,6.974401,3826.43397,0,1,0.0,0,SAFE
0.065,0.0075,0.0427,0.0485,302.28,307.03,4.7532,304.66,7.6974,7.738111,0.040711,15.435511,0.085,0.382389,0,0,0.0,1,CRITICAL
37.0231,29.588,20.4542,8.7682,181.13,185.08,3.9502,183.11,7.8065,7.537544,0.268956,15.344044,2.014237,52.93433,0,1,0.0,0,LOW
1269.9743,303.8235,1158.3533,422.781,211.55,212.83,1.2768,212.19,7.7681,7.704029,0.064071,15.472129,2.202019,1709.148739,0,1,0.0,0,SAFE
1402.1299,596.655,130.4216,1262.1257,227.3,223.27,4.029,225.29,7.7719,7.430114,0.341786,15.202014,4.471366,1013.643253,1,1,0.0,0,SAFE
5933.482,1333.3174,854.3249,5718.2692,271.06,269.96,1.101,270.51,7.7775,7.860693,0.083193,15.638193,2.569267,5309.194799,0,1,0.0,0,SAFE
8807.2382,4482.34,5587.31,5124.26,254.73,270.34,15.61,262.53,7.7559,7.7497,0.0062,15.5056,4.942925,7358.725039,1,1,0.0,0,SAFE
8678.085,998.68,939.32,8569.1,382.37,317.56,64.81,349.97,7.6691,7.719,0.0499,15.3881,6.14967,4883.964926,1,1,0.0,0,SAFE
6394.3277,3466.4,3816.97,3781.83,741.18,352.83,388.35,547.0,7.4668,7.6696,0.2028,15.1364,9.638349,3811.240946,1,1,0.0,0,SAFE
0.6461,0.6416,0.0439,0.0621,286.4,283.05,3.3546,284.72,7.737,7.865935,0.128935,15.602935,2.670806,0.812946,0,1,0.0,1,HIGH
4.0866,3.8894,0.2132,1.236,875.94,877.64,1.7022,876.79,7.4432,7.466115,0.022915,14.909315,8.108567,2.882441,0,1,0.0,1,MEDIUM
1150.8767,704.7273,866.8195,276.5875,1166.76,1165.02,1.7403,1165.89,7.2799,7.526467,0.246567,14.806367,11.849378,678.099716,0,1,0.0,0,SAFE
8852.5942,1370.57,1863.49,8545.02,758.21,297.98,460.23,528.1,7.4836,7.7163,0.2327,15.1999,9.434424,4126.683543,1,1,0.0,0,SAFE
12155.3022,9457.91,3966.61,6524.21,257.25,161.46,95.79,209.36,7.7422,7.8158,0.0736,15.558,0.085,78773.083835,0,0,0.0,0,SAFE
0.1291,0.0345,0.0001,0.1244,158.07,153.68,4.392,155.87,7.8158,8.117127,0.301327,15.932927,1.858503,0.135826,0,1,0.0,1,HIGH
4.2109,2.908,1.6014,2.5905,214.7,211.63,3.0729,213.16,7.7627,7.76419,0.00149,15.52689,0.085,26.46076,0,0,0.0,1,MEDIUM
3.6916,0.8668,1.5083,3.2561,964.48,960.91,3.5746,962.69,7.3697,7.763759,0.394059,15.133459,9.157482,1.89508,0,1,0.0,1,MEDIUM
0.1115,0.0902,0.0481,0.0446,175.02,176.66,1.6393,175.84,7.8031,8.3011,0.498,16.1042,0.085,0.752901,0,0,0.0,1,HIGH
8517.4816,3808.3,2448.92,7214.37,655.29,191.48,463.81,423.38,7.5515,7.7993,0.2478,15.3508,7.704568,4905.970733,1,1,0.0,0,SAFE
8755.1971,6492.24,3394.09,4794.21,202.92,163.83,39.09,183.38,7.7822,7.8367,0.0545,15.6189,0.085,56517.403534,0,0,0.0,0,SAFE
12113.696,7932.77,7300.26,5524.4,253.24,814.33,561.09,533.79,7.756,7.422,0.334,15.178,9.753044,7520.372646,1,1,0.0,0,SAFE
11774.8244,527.88,10563.71,5174.54,1023.09,377.03,646.06,700.06,7.3388,7.7019,0.3631,15.0407,13.128185,6329.969022,1,1,0.0,0,SAFE
0.0052,0.0039,0.0034,0.0008,267.73,270.77,3.0433,269.25,7.7482,7.822426,0.074226,15.570626,2.54749,0.006678,0,1,0.0,1,CRITICAL
348.4411,126.3045,266.9274,184.9544,283.43,280.75,2.6758,282.09,7.7383,7.452005,0.286295,15.190305,5.199194,289.32808,1,1,0.0,0,SAFE
26.5503,25.6498,4.7147,4.9778,166.93,165.56,1.3677,166.25,7.8094,7.339757,0.469643,15.149157,1.925136,39.061713,0,1,0.0,0,LOW
0.0547,0.0254,0.0284,0.0393,288.34,290.42,2.082,289.38,7.7325,7.500793,0.231707,15.233293,2.68379,0.058197,0,1,0.0,1,CRITICAL
12576.4587,2619.67,12300.1,110.38,682.1,461.79,220.31,571.95,7.5215,7.6388,0.1173,15.1603,9.870202,8252.404886,1,1,0.0,0,SAFE
10167.4213,3950.76,6099.99,7110.42,310.89,273.21,37.68,292.05,7.7181,7.7514,0.0333,15.4695,5.335434,7744.159623,1,1,0.0,0,SAFE
6379.2734,2146.82,3470.41,4903.32,905.96,198.24,707.72,552.1,7.3736,7.792,0.4184,15.1656,8.443575,3709.504556,0,1,0.0,0,SAFE
5955.3324,3815.07,3660.4,2740.93,211.51,194.17,17.34,202.84,7.7935,7.7985,0.005,15.592,2.194048,7785.561503,0,1,0.0,0,SAFE
0.458,0.1961,0.1906,0.3674,806.64,811.49,4.8527,809.07,7.4351,7.21472,0.22038,14.64982,14.566115,0.198297,1,1,0.0,1,HIGH
0.604,0.3777,0.2696,0.3866,188.25,192.65,4.4021,190.45,7.7998,7.817422,0.017622,15.617222,4.052184,0.543588,1,1,0.0,1,HIGH
6.1002,0.2179,5.3793,2.8686,671.23,675.13,3.9023,673.18,7.5162,7.914621,0.398421,15.430821,11.699042,3.443538,1,1,0.0,0,LOW
44.073,27.5408,28.3708,19.4686,188.45,189.45,0.9953,188.95,7.8176,7.771823,0.045777,15.589423,4.034518,42.712466,1,1,0.0,0,LOW
0.0022,0.0008,0.0008,0.0019,306.56,308.28,1.7162,307.42,7.7158,7.666799,0.049001,15.382599,5.54136,0.001486,1,1,0.0,1,CRITICAL
10436.6667,2614.01,3824.91,9352.06,216.88,238.97,22.09,227.93,7.7868,7.7734,0.0134,15.5602,2.226647,10731.287449,0,1,0.0,0,SAFE
516.2336,71.2718,484.3031,163.9145,1011.02,1011.03,0.0074,1011.02,7.351,7.346664,0.004336,14.697664,9.746021,331.215492,0,1,0.0,0,SAFE
2.671,1.7863,0.9618,1.7373,942.24,945.01,2.7743,943.63,7.3581,7.260731,0.097369,14.618831,8.882739,1.615893,0,1,0.0,1,MEDIUM
2.6088,2.2126,1.2976,0.4756,1030.53,1025.66,4.8673,1028.1,7.3218,7.153211,0.168589,14.475011,0.085,18.275768,0,0,0.0,1,MEDIUM
2.4465,1.4352,1.1886,1.5851,320.72,319.38,1.3386,320.05,7.7088,7.954989,0.246189,15.663789,2.89589,2.595211,0,1,0.0,1,MEDIUM
8025.3479,7503.5306,2176.1945,1835.0515,198.25,193.54,4.7083,195.9,7.7912,7.510788,0.280412,15.301988,0.085,55917.538697,0,0,0.0,0,SAFE
7608.5849,1394.95,3292.99,6715.72,287.31,324.12,36.81,305.72,7.7354,7.7211,0.0143,15.4565,5.520881,5027.540177,1,1,0.0,0,SAFE
0.2343,0.0997,0.039,0.2085,836.96,832.7,4.2592,834.83,7.4656,7.714998,0.249398,15.180598,15.145102,0.092922,1,1,0.0,1,HIGH
9891.0011,2986.66,8173.86,4701.04,541.26,314.51,226.75,427.88,7.5688,7.7137,0.1449,15.2825,2.862063,11271.34326,0,1,0.0,0,SAFE
1654.1892,1210.8977,730.8079,857.8978,1154.94,1158.0,3.0566,1156.47,7.2932,7.384113,0.090913,14.677313,23.323061,651.242531,1,1,0.0,0,SAFE
0.0756,0.0413,0.017,0.061,465.67,468.43,2.7576,467.05,7.6301,7.610679,0.019421,15.240779,7.949075,0.04417,1,1,0.0,1,CRITICAL
13322.8769,11083.85,1799.76,7169.95,310.65,1010.84,700.19,660.75,7.7012,7.3532,0.348,15.0544,12.494111,7117.802259,1,1,0.0,0,SAFE
0.0556,0.0127,0.0004,0.0542,236.63,239.77,3.1424,238.2,7.7677,8.214814,0.447114,15.982514,2.348651,0.051497,0,1,0.0,1,CRITICAL
1505.7681,1500.49,102.22,73.61,909.45,774.01,135.44,841.73,7.4081,7.4792,0.0711,14.8873,6.940681,1177.505708,0,1,0.0,0,SAFE
12609.3245,4403.67,5615.5,10395.62,214.02,345.52,131.5,279.77,7.7911,7.7374,0.0537,15.5285,5.205097,8988.82322,1,1,0.0,0,SAFE
10666.4528,9610.66,3240.82,3302.35,217.17,273.06,55.89,245.12,7.7702,7.7238,0.0464,15.494,2.582392,13314.36987,0,1,0.0,0,SAFE
8171.1759,2794.26,4331.64,6340.12,215.43,183.71,31.72,199.57,7.771,7.7985,0.0275,15.5695,0.085,47136.175821,0,0,0.0,0,SAFE
11581.5586,11470.36,1472.58,628.37,185.75,256.72,70.97,221.24,7.8196,7.7539,0.0657,15.5735,4.432232,11331.69289,1,1,0.0,0,SAFE
0.1945,0.1037,0.1594,0.0409,180.41,182.04,1.6275,181.22,7.8187,7.73966,0.07904,15.55836,2.019494,0.278731,0,1,0.0,1,HIGH
3499.1901,2774.89,1365.94,1636.62,759.93,308.9,451.03,534.41,7.469,7.729,0.26,15.198,9.527407,2190.472454,1,1,0.0,0,SAFE
10201.9073,1473.57,1029.62,10042.28,192.36,196.05,3.69,194.21,7.8061,7.782,0.0241,15.5881,2.07979,9909.302855,0,1,0.0,0,SAFE
5114.3428,3603.3455,1083.2056,3463.9673,253.42,250.18,3.2448,251.8,7.7589,7.741273,0.017627,15.500173,2.454977,5808.721888,0,1,0.0,0,SAFE
0.1846,0.1345,0.1264,0.0036,306.6,308.43,1.8271,307.51,7.699,7.28815,0.41085,14.98715,0.085,1.305484,0,0,0.0,1,HIGH
4.5056,3.3751,0.5597,2.9319,198.76,200.09,1.3346,199.43,7.7929,8.032536,0.239636,15.825436,2.117629,5.581946,0,1,0.0,1,MEDIUM
4596.6458,1460.41,3248.99,2905.24,262.77,354.62,91.85,308.69,7.7511,7.7032,0.0479,15.4543,5.576822,3539.58534,1,1,0.0,0,SAFE
0.0034,0.0005,0.0032,0.0012,454.35,457.48,3.1342,455.92,7.6461,7.942133,0.296033,15.588233,3.913332,0.003439,0,1,0.0,1,CRITICAL
6399.5464,221.22,6331.69,902.75,274.6,203.27,71.33,238.94,7.7388,7.7794,0.0406,15.5182,2.592522,8148.327527,0,1,0.0,0,SAFE
4.06,1.8785,0.5688,3.554,641.0,642.49,1.4864,641.74,7.5374,7.986465,0.449065,15.523865,5.58992,2.682735,0,1,0.0,1,MEDIUM
8616.8762,2294.64,4385.79,7053.37,219.57,240.13,20.56,229.85,7.7686,7.802,0.0334,15.5706,4.528687,6613.868478,1,1,0.0,0,SAFE
11321.3062,5378.31,4103.97,9077.62,334.5,256.53,77.97,295.51,7.709,7.7502,0.0412,15.4592,5.392094,8058.596327,1,1,0.0,0,SAFE
1.1202,0.4049,0.2785,1.0066,536.98,536.09,0.8916,536.53,7.5843,7.596699,0.012399,15.180999,4.612642,0.798413,0,1,0.0,1,MEDIUM
2.6203,0.8718,1.0446,2.2393,324.67,328.18,3.5122,326.43,7.6764,7.909539,0.233139,15.585939,5.805357,1.728245,1,1,0.0,1,MEDIUM
9849.7323,8793.9408,4150.1281,1568.5248,305.95,307.51,1.5611,306.73,7.7216,8.218405,0.496805,15.940005,2.80311,12042.53115,0,1,0.0,0,SAFE
8166.2669,5039.6639,5876.75,2598.7522,202.71,204.96,2.2491,203.83,7.7744,7.453198,0.321202,15.227598,4.210767,7970.091647,1,1,0.0,0,SAFE
3300.8364,2748.97,1777.72,422.37,268.33,348.32,79.99,308.32,7.7449,7.6938,0.0511,15.4387,5.567406,2870.831811,1,1,0.0,0,SAFE
3.1178,2.6508,1.5737,0.4663,194.45,196.27,1.8168,195.36,7.7914,7.42788,0.36352,15.21928,2.092108,4.416058,0,1,0.0,1,MEDIUM
4.217,2.446,1.9325,2.8401,170.53,169.89,0.6377,170.21,7.8046,8.129349,0.324749,15.933949,0.085,25.789642,0,0,0.0,1,MEDIUM
3005.6085,771.76,2874.74,417.06,226.24,534.71,308.47,380.48,7.775,7.5894,0.1856,15.3644,6.79171,2364.84129,1,1,0.0,0,SAFE
352.3503,30.1447,0.4814,351.0581,898.76,900.95,2.1936,899.86,7.3792,7.214191,0.165009,14.593391,16.656602,119.196308,1,1,0.0,0,SAFE
23.9061,22.4476,7.5072,3.3542,262.9,258.03,4.8683,260.47,7.7394,8.112377,0.372977,15.851777,2.51607,30.899687,0,1,0.0,0,LOW
0.1422,0.0925,0.0917,0.0571,243.55,245.76,2.2111,244.66,7.7729,8.198492,0.425592,15.971392,4.713361,0.128868,1,1,0.0,1,HIGH
3121.4855,1156.05,994.46,2723.65,811.25,315.02,496.23,563.13,7.4315,7.7226,0.2911,15.1541,10.130445,1535.82414,1,1,0.0,0,SAFE
9830.1264,8498.1843,2077.2665,4482.9915,581.23,582.51,1.2844,581.87,7.5735,7.325624,0.247876,14.899124,9.948807,6042.356398,1,1,0.0,0,SAFE
12.944,12.2293,3.9562,1.5298,229.26,225.9,3.3559,227.58,7.7695,7.279418,0.490082,15.048918,0.085,91.172022,0,0,0.0,0,LOW
2251.8874,816.79,2068.33,354.77,361.09,257.31,103.78,309.2,7.7071,7.7419,0.0348,15.449,5.588726,1950.15738,1,1,0.0,0,SAFE
911.5584,832.7192,265.7852,258.6033,565.2,564.61,0.5943,564.9,7.5717,7.982474,0.410774,15.554174,4.864767,832.750812,0,1,0.0,0,SAFE
3.6857,0.86,2.8923,2.1165,209.14,206.58,2.5641,207.86,7.795,7.904786,0.109786,15.699786,0.085,23.553731,0,0,0.0,1,MEDIUM
3064.0282,2103.39,694.5,2117.0,1002.85,194.13,808.72,598.49,7.3489,7.7853,0.4364,15.1342,9.641372,1743.815518,0,1,0.0,0,SAFE
2320.4153,2149.9766,834.5444,255.858,279.03,278.12,0.9081,278.58,7.7439,7.439222,0.304678,15.183122,5.152536,2100.283742,1,1,0.0,0,SAFE
0.082,0.0694,0.0185,0.0396,264.25,268.2,3.9459,266.22,7.7587,8.079025,0.320325,15.837725,4.990363,0.070604,1,1,0.0,1,CRITICAL
1536.6974,683.2907,924.2895,1019.9224,984.61,983.7,0.9133,984.15,7.3303,6.930869,0.399431,14.261169,9.409784,897.520679,0,1,0.0,0,SAFE
0.2903,0.2209,0.161,0.0978,186.36,183.45,2.9068,184.91,7.8009,7.528746,0.272154,15.329646,2.044633,0.405068,0,1,0.0,1,HIGH
1578.11,237.9312,1542.2257,235.2872,233.73,231.86,1.8711,232.79,7.7659,7.707203,0.058697,15.473103,0.085,11089.805482,0,0,0.0,0,SAFE
3021.1894,1030.71,858.61,2707.03,213.82,292.36,78.54,253.09,7.7808,7.7281,0.0527,15.5089,4.833837,2108.492759,1,1,0.0,0,SAFE
4841.6325,339.1,3447.42,3382.56,157.91,155.5,2.41,156.7,7.8165,7.8126,0.0039,15.6291,0.085,29227.468987,0,0,0.0,0,SAFE
41.4883,24.5047,27.9371,18.4476,199.11,202.81,3.6961,200.96,7.7857,7.758968,0.026732,15.544668,0.085,276.786325,0,0,0.0,0,LOW
0.015,0.0104,0.0107,0.001,282.03,285.73,3.7039,283.88,7.7211,7.653653,0.067447,15.374753,2.641676,0.018942,0,1,0.0,1,CRITICAL
1.4149,1.0825,0.455,0.7894,801.94,804.11,2.1698,803.02,7.4475,7.024413,0.423087,14.471913,7.246453,0.985478,0,1,0.0,1,MEDIUM
21.1465,12.6872,12.8867,10.9609,175.26,180.2,4.9391,177.73,7.8094,7.822892,0.013492,15.632292,1.980398,28.572967,0,1,0.0,0,LOW
9932.7101,9066.65,1697.34,3684.24,349.25,868.68,519.43,608.96,7.7048,7.431,0.2738,15.1358,11.02667,5926.168025,1,1,0.0,0,SAFE
0.1584,0.1335,0.0061,0.0851,369.14,369.13,0.0098,369.14,7.699,7.377629,0.321371,15.076629,3.252968,0.165894,0,1,0.0,1,HIGH
12872.7228,10688.68,1029.24,7099.28,916.92,206.38,710.54,561.65,7.4047,7.7875,0.3828,15.1922,10.653199,7411.952753,1,1,0.0,0,SAFE
0.0607,0.0466,0.0226,0.0317,186.45,191.29,4.8444,188.87,7.7997,7.591085,0.208615,15.390785,2.045158,0.080589,0,1,0.0,1,CRITICAL
25.6018,10.3734,23.2841,2.3865,316.87,321.2,4.3298,319.03,7.6823,7.735732,0.053432,15.418032,5.701994,22.049596,1,1,0.0,0,LOW
1772.5736,626.0285,936.2355,1368.7836,804.8,801.71,3.0853,803.26,7.4444,7.576749,0.132349,15.021149,7.278138,1107.675138,0,1,0.0,0,SAFE
6280.5946,303.8565,6258.1651,434.6357,185.76,186.54,0.7845,186.15,7.7842,7.839913,0.055713,15.624113,4.001843,6463.782056,1,1,0.0,0,SAFE
147.6271,84.1624,114.8421,39.0096,462.0,465.56,3.5569,463.78,7.6016,8.049267,0.447667,15.650867,3.975637,149.64631,0,1,0.0,0,SAFE
37.6602,16.8708,32.8126,7.5497,273.13,273.53,0.4013,273.33,7.7555,8.123906,0.368406,15.879406,5.083343,34.048567,1,1,0.0,0,LOW
10323.0785,8370.91,3262.61,5084.21,205.54,160.08,45.46,182.81,7.8036,7.8268,0.0232,15.6304,2.158093,13475.263195,0,1,0.0,0,SAFE
10742.9775,10729.23,110.39,531.98,205.2,295.06,89.86,250.13,7.8056,7.732,0.0736,15.5376,2.729012,13397.396528,0,1,0.0,0,SAFE
6035.4383,4828.8195,3022.535,1993.3138,276.3,276.12,0.1783,276.21,7.7453,7.755933,0.010633,15.501233,5.121278,5328.926687,1,1,0.0,0,SAFE
895.5532,83.4869,411.6371,790.949,786.09,783.37,2.7214,784.73,7.4614,7.634062,0.172662,15.095462,7.072117,522.597696,0,1,0.0,0,SAFE
7.841,4.4569,2.4343,5.9743,462.03,462.12,0.0901,462.08,7.638,7.251091,0.386909,14.889091,3.975882,6.672664,0,1,0.0,0,LOW
2883.5316,1679.47,2087.56,1065.94,182.55,224.85,42.3,203.7,7.808,7.7597,0.0483,15.5677,2.275482,3788.242565,0,1,0.0,0,SAFE
0.0332,0.0318,0.004,0.0089,275.51,280.0,4.49,277.76,7.7262,7.703134,0.023066,15.429334,2.598517,0.041661,0,1,0.0,1,CRITICAL
8175.2926,4762.45,976.71,6572.71,1054.25,869.9,184.35,962.08,7.332,7.4362,0.1042,14.7682,18.242356,3159.031857,1,1,0.0,0,SAFE
76.3643,46.6035,47.3109,37.7,183.49,184.25,0.7611,183.87,7.7992,8.122406,0.323206,15.921606,2.027924,102.793507,0,1,0.0,0,SAFE
706.3987,650.6409,154.5084,227.5801,290.27,290.86,0.5906,290.57,7.724,7.756222,0.032222,15.480222,2.696738,860.851223,0,1,0.0,0,SAFE
339.6249,4.4647,337.4697,37.9386,225.33,220.98,4.3535,223.15,7.7661,7.863661,0.097561,15.629761,2.25168,464.975395,0,1,0.0,0,SAFE
8320.8489,5973.0,5431.08,2015.73,251.27,224.81,26.46,238.04,7.7632,7.7832,0.02,15.5464,4.631464,7839.806615,1,1,0.0,0,SAFE
146.6791,35.9252,60.8106,128.5544,238.09,238.78,0.6883,238.43,7.732,7.900291,0.168291,15.632291,2.357802,149.102402,0,1,0.0,0,SAFE
7113.0984,5646.85,1685.97,3983.31,211.44,186.94,24.5,199.19,7.7812,7.7935,0.0123,15.5747,0.085,45706.291938,0,0,0.0,0,SAFE
12826.0737,10424.25,523.93,7454.44,196.45,990.72,794.27,593.59,7.7944,7.332,0.4624,15.1264,2.103931,16430.150861,0,1,0.0,0,SAFE
0.2003,0.0392,0.1876,0.058,271.45,275.45,4.0016,273.45,7.7442,8.106033,0.361833,15.850233,5.084956,0.178791,1,1,0.0,1,HIGH
218.6137,89.9622,63.3011,188.9225,507.87,508.98,1.1093,508.42,7.6128,7.691012,0.078212,15.303812,8.643825,117.255988,1,1,0.0,0,SAFE
0.5576,0.3103,0.4573,0.0745,224.9,223.59,1.3081,224.25,7.7427,8.041433,0.298733,15.784133,2.27579,0.758258,0,1,0.0,1,HIGH
